A/C,N,UO,RO,R,U,O,RU
housedust NR,0.31147541,0,0.032786885,0.131147541,0.295081967,0.229508197,0
housedust HR,0.129411765,0,0.264705882,0.164705882,0.170588235,0.082352941,0.188235294
housedust LR,0.129032258,0.290322581,0.016129032,0.120967742,0.137096774,0.201612903,0.10483871
housedust MR,0.125364431,0.186588921,0.145772595,0.142857143,0.104956268,0.137026239,0.157434402
cottondust NR,0.068181818,0,0.159090909,0.159090909,0.272727273,0.340909091,0
cottondust HR,0.047169811,0,0.216981132,0.160377358,0.179245283,0.056603774,0.339622642
cottondust LR,0.140186916,0.299065421,0.093457944,0.102803738,0.093457944,0.196261682,0.074766355
cottondust MR,0.185628743,0.107784431,0.146706587,0.161676647,0.146706587,0.110778443,0.140718563
aspergilus NR,0.208816705,0.034802784,0.143851508,0.136890951,0.134570766,0.167053364,0.174013921
aspergilus HR,0,0,0,0.083333333,0.083333333,0.166666667,0.666666667
aspergilus LR,0.02238806,0.350746269,0.097014925,0.179104478,0.186567164,0.119402985,0.044776119
aspergilus MR,0.05785124,0.314049587,0.198347107,0.132231405,0.132231405,0.082644628,0.082644628
pollen NR,0.283018868,0.150943396,0.113207547,0.132075472,0.132075472,0.188679245,0
pollen HR,0,0,0.120689655,0.25862069,0.275862069,0.120689655,0.224137931
pollen LR,0.143712575,0.149700599,0.149700599,0.119760479,0.131736527,0.191616766,0.113772455
pollen MR,0.125340599,0.160762943,0.14986376,0.138964578,0.130790191,0.111716621,0.182561308
parthenium NR,0.029411765,0.225490196,0.107843137,0.147058824,0.117647059,0.166666667,0.205882353
parthenium HR,0.224489796,0,0,0.224489796,0.224489796,0.081632653,0.244897959
parthenium LR,0.214765101,0.11409396,0.026845638,0.140939597,0.181208054,0.248322148,0.073825503
parthenium MR,0.135678392,0.150753769,0.211055276,0.133165829,0.125628141,0.105527638,0.138190955
cockroach NR,0.106666667,0,0.24,0.173333333,0.2,0.2,0.08
cockroach HR,0.111111111,0.316666667,0.127777778,0.122222222,0.094444444,0.072222222,0.155555556
cockroach LR,0.179487179,0.179487179,0.017094017,0.136752137,0.170940171,0.256410256,0.05982906
cockroach MR,0.156441718,0.067484663,0.171779141,0.150306748,0.147239264,0.128834356,0.17791411
catdander NR,0,0,0,0.333333333,0,0.666666667,0
catdander KR,0.144927536,0.144927536,0.143478261,0.14057971,0.14057971,0.142028986,0.143478261
catdander LR,0,0,0,0.4,0.6,0,0
dosfur NR,0.285714286,0,0,0.214285714,0.285714286,0.214285714,0
dosfur KR,0.145675266,0.151745068,0.150227618,0.145675266,0.141122914,0.142640364,0.122913505
dosfur LR,0,0,0,0.043478261,0.043478261,0.130434783,0.782608696
dosfur MR,0,0,0,0,1,0,0
roaddust KR,0.143266476,0.143266476,0.141833811,0.143266476,0.143266476,0.143266476,0.141833811
oldpdust NR,0,0,0,0.25,0.25,0.5,0
oldpdust KR,0.144508671,0.144508671,0.143063584,0.143063584,0.141618497,0.14017341,0.143063584
oldpdust LR,0,0,0,0,0.5,0.5,0
PSdust NR,0,0,0,1,0,0,0
PSdust KR,0.143472023,0.143472023,0.142037303,0.142037303,0.143472023,0.143472023,0.142037303
MilkP LR,0,0.279411765,0.235294118,0.147058824,0.117647059,0.176470588,0.044117647
MilkP KR,0,0,0.481481481,0.185185185,0.148148148,0.185185185,0
MilkP MR,0,0,0,0.6,0.4,0,0
MilkP NR,0.167504188,0.135678392,0.117252931,0.137353434,0.142378559,0.139028476,0.16080402
MilkP HR,0,0,0,0,1,0,0
MilkC NR,0,0,0,0.285714286,0.285714286,0.428571429,0
MilkC KR,0.147058824,0.147058824,0.138235294,0.142647059,0.138235294,0.141176471,0.145588235
MilkC LR,0,0,0.5,0.1,0.4,0,0
MilkC MR,0,0,0,0,0,1,0
curd NR,0.156756757,0,0.162162162,0.172972973,0.254054054,0.156756757,0.097297297
curd KR,0.108747045,0.193853428,0.14893617,0.14893617,0.096926714,0.14893617,0.153664303
curd LR,0.297619048,0.214285714,0,0.05952381,0.142857143,0.095238095,0.19047619
curd MR,0,0,1,0,0,0,0
coffee NR,0.164179104,0.149253731,0.179104478,0.156716418,0.111940299,0.126865672,0.111940299
coffee KR,0.149712092,0.117082534,0.138195777,0.142034549,0.145873321,0.153550864,0.153550864
coffee LR,0,0.487179487,0,0.128205128,0.205128205,0.076923077,0.102564103
coffee MR,0,0,0.75,0,0.25,0,0
tea NR,0.227906977,0.186046512,0.102325581,0.134883721,0.139534884,0.153488372,0.055813953
tea KR,0.076219512,0.115853659,0.182926829,0.176829268,0.125,0.170731707,0.152439024
tea LR,0.196969697,0.166666667,0.083333333,0.098484848,0.196969697,0.075757576,0.181818182
tea MR,0,0,0.260869565,0,0.130434783,0.043478261,0.565217391
beef NR,0.079545455,0.227272727,0.159090909,0.034090909,0.181818182,0.159090909,0.159090909
beef KR,0.142857143,0.136054422,0.144557823,0.156462585,0.139455782,0.142857143,0.137755102
beef LR,0.428571429,0,0,0.238095238,0.047619048,0.095238095,0.19047619
beef MR,0,0,0,0,1,0,0
chicken NR,0.193406593,0.147252747,0.12967033,0.127472527,0.140659341,0.12967033,0.131868132
chicken KR,0.082758621,0,0.165517241,0.2,0.144827586,0.220689655,0.186206897
chicken LR,0,0.347368421,0.168421053,0.105263158,0.157894737,0.094736842,0.126315789
chicken MR,0,0,0,1,0,0,0
mutton NR,0.16967509,0.23465704,0.111913357,0.101083032,0.101083032,0.079422383,0.202166065
mutton KR,0.09221902,0.043227666,0.187319885,0.181556196,0.175792507,0.207492795,0.112391931
mutton LR,0.304347826,0.289855072,0.043478261,0.101449275,0.130434783,0.072463768,0.057971014
mutton MR,0,0,0,0.4,0.4,0.2,0
egg LR,0.18556701,0.24742268,0.092783505,0.134020619,0.154639175,0.113402062,0.072164948
egg KR,0.177083333,0.078125,0.125,0.171875,0.130208333,0.15625,0.161458333
egg MR,0,0,0.5625,0.1875,0.1875,0.0625,0
egg NR,0.122762148,0.15601023,0.140664962,0.130434783,0.145780051,0.148337596,0.15601023
egg HR,0,0,1,0,0,0,0
fishA NR,0.175572519,0.254452926,0.111959288,0.122137405,0.122137405,0.124681934,0.089058524
fishA KR,0.134782609,0,0.147826087,0.191304348,0.17826087,0.195652174,0.152173913
fishA LR,0,0,0.220588235,0.102941176,0.161764706,0.088235294,0.426470588
fishA MR,0,0,0.857142857,0.142857143,0,0,0
fishB NR,0.122093023,0.139534884,0.162790698,0.151162791,0.168604651,0.174418605,0.081395349
fishB KR,0.172413793,0.130541872,0.125615764,0.13546798,0.137931034,0.150246305,0.147783251
fishB LR,0.140625,0,0.078125,0.28125,0.1875,0.140625,0.171875
fishB MR,0,0.410714286,0.267857143,0.017857143,0.053571429,0,0.25
crab LR,0,0.472727273,0,0.127272727,0.072727273,0.054545455,0.272727273
crab KR,0.151187905,0.082073434,0.181425486,0.153347732,0.153347732,0.142548596,0.136069114
crab MR,0,0,0.4,0,0.4,0.2,0
crab NR,0.174418605,0.209302326,0.075581395,0.127906977,0.122093023,0.168604651,0.122093023
crab HR,0,0,0,0,0.666666667,0.333333333,0
prawns LR,0,0.153846154,0.043956044,0.120879121,0.164835165,0.131868132,0.384615385
prawns KR,0.104519774,0.177966102,0.149717514,0.169491525,0.132768362,0.146892655,0.118644068
prawns MR,0,0,0,0.333333333,0.166666667,0.5,0
prawns NR,0.259259259,0.094650206,0.172839506,0.111111111,0.139917695,0.131687243,0.090534979
prawns HR,0,0,0,0,0.75,0.25,0
shark NR,0.470588235,0,0.205882353,0.088235294,0.088235294,0.088235294,0.058823529
shark KR,0.126696833,0.150829563,0.138763198,0.146304676,0.146304676,0.14479638,0.146304676
shark LR,0,0,0,0,0,1,0
avaraikai LR,0,0,0.294117647,0.294117647,0.264705882,0.147058824,0
avaraikai KR,0.211970075,0.109725686,0.099750623,0.152119701,0.12967581,0.154613466,0.142144638
avaraikai MR,0,0,0,0.25,0.75,0,0
avaraikai NR,0.058139535,0.217054264,0.189922481,0.104651163,0.139534884,0.127906977,0.162790698
avaraikai HR,0,0,0,1,0,0,0
banana NR,0.148148148,0,0.172839506,0.148148148,0.197530864,0.160493827,0.172839506
banana KR,0.140703518,0.167504188,0.13400335,0.144053601,0.13400335,0.140703518,0.139028476
banana LR,0.210526316,0,0.263157895,0.105263158,0.157894737,0.157894737,0.105263158
banana MR,0,0,0,0,1,0,0
beans NR,0.107142857,0.151260504,0.153361345,0.155462185,0.138655462,0.134453782,0.159663866
beans KR,0.309278351,0,0.103092784,0.092783505,0.164948454,0.268041237,0.06185567
beans LR,0.154471545,0.227642276,0.130081301,0.130081301,0.146341463,0.073170732,0.138211382
beans MR,0,0,0,0.5,0,0.5,0
beetroot NR,0.272727273,0.081818182,0.059090909,0.145454545,0.140909091,0.104545455,0.195454545
beetroot KR,0.076372315,0.195704057,0.162291169,0.140811456,0.138424821,0.15274463,0.133651551
beetroot LR,0.142857143,0,0.321428571,0.142857143,0.160714286,0.232142857,0
beetroot MR,0,0,0,0.333333333,0.666666667,0,0
brinjal NR,0.172839506,0.150617284,0.118518519,0.15308642,0.12345679,0.143209877,0.138271605
brinjal KR,0.112149533,0.196261682,0.130841121,0.140186916,0.261682243,0.158878505,0
brinjal LR,0.098901099,0.098901099,0.203296703,0.126373626,0.10989011,0.126373626,0.236263736
brinjal MR,0,0,0,0,0.5,0.5,0
cabbage NR,0.131016043,0.176470588,0.104278075,0.155080214,0.136363636,0.139037433,0.157754011
cabbage KR,0.160839161,0.118881119,0.178321678,0.122377622,0.143356643,0.153846154,0.122377622
cabbage LR,0.142857143,0,0.257142857,0.171428571,0.171428571,0.114285714,0.142857143
cabbage MR,0,0,0,0.333333333,0.666666667,0,0
capsicum NR,0.109090909,0,0.054545455,0.2,0.181818182,0.218181818,0.236363636
capsicum KR,0.147798742,0.157232704,0.144654088,0.13836478,0.139937107,0.136792453,0.135220126
capsicum LR,0,0,0.571428571,0.142857143,0.142857143,0.142857143,0
chillie NR,0.181818182,0,0.045454545,0.227272727,0.136363636,0.272727273,0.136363636
chillie KR,0.142222222,0.148148148,0.145185185,0.140740741,0.142222222,0.139259259,0.142222222
chillie LR,0,0,0,0,1,0,0
cauliflower NR,0.094594595,0.256756757,0.047297297,0.148648649,0.141891892,0.168918919,0.141891892
cauliflower KR,0.154142582,0.119460501,0.177263969,0.138728324,0.140655106,0.134874759,0.134874759
cauliflower LR,0.193548387,0,0,0.193548387,0.193548387,0.161290323,0.258064516
carrot NR,0.132827324,0.159392789,0.144212524,0.151802657,0.140417457,0.138519924,0.132827324
carrot KR,0.22826087,0.173913043,0.141304348,0.119565217,0.130434783,0.206521739,0
carrot LR,0.113924051,0,0.126582278,0.113924051,0.17721519,0.101265823,0.367088608
chowchow NR,0.055555556,0,0.12962963,0.296296296,0.222222222,0.166666667,0.12962963
chowchow KR,0.150855365,0.155520995,0.143079316,0.129082426,0.136858476,0.141524106,0.143079316
chowchow LR,0,0,0,1,0,0,0
corn NR,0,0,0,0.166666667,0.416666667,0.416666667,0
corn KR,0.145985401,0.145985401,0.144525547,0.141605839,0.138686131,0.138686131,0.144525547
corn LR,0,0,0,1,0,0,0
cucumber NR,0,0,0,0.225806452,0.193548387,0.225806452,0.35483871
cucumber KR,0.15060241,0.15060241,0.149096386,0.138554217,0.138554217,0.140060241,0.13253012
cucumber LR,0,0,0,0.333333333,0.666666667,0,0
drumstick NR,0.143939394,0.160984848,0.151515152,0.136363636,0.113636364,0.142045455,0.151515152
drumstick KR,0.086956522,0,0.239130435,0.304347826,0.152173913,0.195652174,0.02173913
drumstick LR,0.170940171,0.128205128,0.068376068,0.111111111,0.247863248,0.11965812,0.153846154
drumstick MR,0,0,0,0.142857143,0.571428571,0.285714286,0
greens LR,0.27173913,0.114130435,0.10326087,0.10326087,0.135869565,0.108695652,0.163043478
greens KR,0,0,0.252631579,0.2,0.210526316,0.231578947,0.105263158
greens MR,0.3,0,0,0.2,0.4,0.1,0
greens NR,0.115196078,0.193627451,0.137254902,0.147058824,0.12254902,0.139705882,0.144607843
greens HR,0,0,0,0,1,0,0
gourds NR,0.139158576,0.187702265,0.110032362,0.165048544,0.116504854,0.148867314,0.132686084
gourds KR,0.137614679,0.06116208,0.186544343,0.131498471,0.171253823,0.143730887,0.168195719
gourds LR,0.2,0.366666667,0.066666667,0.083333333,0.133333333,0.1,0.05
gourds MR,0,0,0,0.5,0,0.5,0
kovaikai NR,0,0.319148936,0.14893617,0.191489362,0.127659574,0.127659574,0.085106383
kovaikai KR,0.154320988,0.13117284,0.141975309,0.137345679,0.143518519,0.145061728,0.146604938
kovaikai LR,0,0,0,0.666666667,0.333333333,0,0
kothavarai NR,0,0,0.458333333,0.125,0.291666667,0.125,0
kothavarai KR,0.14858841,0.14858841,0.130757801,0.144130758,0.136701337,0.144130758,0.147102526
kothavarai LR,0,0,0,0,1,0,0
Lfinger NR,0.18336887,0.046908316,0.15565032,0.140724947,0.15565032,0.136460554,0.181236674
Lfinger KR,0.029585799,0.337278107,0.136094675,0.183431953,0.118343195,0.165680473,0.029585799
Lfinger LR,0.155172414,0.362068966,0.051724138,0.051724138,0.086206897,0.137931034,0.155172414
Lfinger MR,0,0,0,0,1,0,0
malli NR,0.093023256,0,0.139534884,0.279069767,0.162790698,0.279069767,0.046511628
malli KR,0.145962733,0.155279503,0.141304348,0.131987578,0.141304348,0.133540373,0.150621118
malli LR,0.181818182,0,0.181818182,0.272727273,0.181818182,0.181818182,0
mango NR,0.142857143,0.317460317,0.079365079,0.126984127,0.142857143,0.150793651,0.03968254
mango KR,0.143607706,0.105078809,0.1558669,0.147110333,0.141856392,0.141856392,0.164623468
mango LR,0,0,0,0,1,0,0
mushroom NR,0,0,0.133333333,0.2,0.133333333,0.2,0.333333333
mushroom KR,0.146842878,0.146842878,0.142437592,0.140969163,0.143906021,0.140969163,0.138032305
mushroom LR,0,0,0,0.5,0,0.5,0
nuckol NR,0,0,0.130434783,0.260869565,0.304347826,0.173913043,0.130434783
nuckol KR,0.148367953,0.148367953,0.142433234,0.139465875,0.136498516,0.142433234,0.142433234
nuckol LR,0,0,0,0,1,0,0
onion NR,0.128078818,0.123152709,0.155993432,0.149425287,0.137931034,0.142857143,0.162561576
onion KR,0.454545455,0,0.181818182,0.045454545,0.045454545,0.272727273,0
onion LR,0.193548387,0.403225806,0,0.112903226,0.193548387,0.096774194,0
onion MR,0,0,0,0.2,0.6,0.2,0
peas NR,0.028571429,0.228571429,0.16,0.131428571,0.165714286,0.16,0.125714286
peas KR,0.173640167,0.125523013,0.119246862,0.142259414,0.138075314,0.140167364,0.161087866
peas LR,0.272727273,0,0.318181818,0.204545455,0.090909091,0.113636364,0
peas MR,0,0,0,0,1,0,0
potroot NR,0.175675676,0.199324324,0.135135135,0.118243243,0.10472973,0.128378378,0.138513514
potroot KR,0.132596685,0.060773481,0.151933702,0.165745856,0.17679558,0.168508287,0.143646409
potroot LR,0,0.475,0.1,0.125,0.125,0.025,0.15
paneer NR,0,0,0,0.285714286,0.285714286,0.428571429,0
paneer KR,0.145137881,0.145137881,0.143686502,0.140783745,0.140783745,0.140783745,0.143686502
paneer LR,0,0,0,0.5,0.5,0,0
potato NR,0.190114068,0.070342205,0.144486692,0.144486692,0.152091255,0.157794677,0.140684411
potato KR,0,0.444444444,0.066666667,0.2,0.088888889,0.088888889,0.111111111
potato LR,0,0.283950617,0.209876543,0.074074074,0.135802469,0.111111111,0.185185185
potato MR,0,0,0,0,1,0,0
pumkin NR,0.104166667,0.416666667,0,0.041666667,0.125,0.208333333,0.104166667
pumkin KR,0.148669797,0.125195618,0.142410016,0.153364632,0.145539906,0.14084507,0.143974961
pumkin LR,0,0,0.727272727,0,0.090909091,0,0.181818182
pudina NR,0.142857143,0,0.339285714,0.125,0.107142857,0.214285714,0.071428571
pudina KR,0.14488189,0.157480315,0.125984252,0.146456693,0.14015748,0.135433071,0.149606299
pudina LR,0,0,0,0,0.714285714,0.285714286,0
radish NR,0.248995984,0.072289157,0.144578313,0.152610442,0.13253012,0.128514056,0.120481928
radish KR,0.088161209,0.158690176,0.143576826,0.143576826,0.158690176,0.166246851,0.141057935
radish LR,0.057692308,0.365384615,0.115384615,0.096153846,0.076923077,0.038461538,0.25
tomato NR,0.151799687,0.156494523,0.150234742,0.136150235,0.13458529,0.129890454,0.14084507
tomato KR,0.3,0,0,0.1,0.2,0.4,0
tomato LR,0,0,0.02173913,0.260869565,0.239130435,0.282608696,0.195652174
tomato MR,0,0,0.666666667,0,0.333333333,0,0
tondaikai NR,0,0,0.157894737,0.105263158,0.157894737,0.157894737,0.421052632
tondaikai KR,0.147275405,0.147275405,0.141384389,0.144329897,0.142857143,0.142857143,0.134020619
vazpooThandu NR,0.225490196,0.225490196,0.088235294,0.107843137,0.088235294,0.166666667,0.098039216
vazpooThandu KR,0.132302405,0.132302405,0.154639175,0.14604811,0.140893471,0.140893471,0.152920962
vazpooThandu LR,0,0,0,0.285714286,0.642857143,0.071428571,0
yams NR,0.103448276,0,0.413793103,0.137931034,0.149425287,0.183908046,0.011494253
yams KR,0.154499151,0.169779287,0.106960951,0.142614601,0.146010187,0.137521222,0.142614601
yams LR,0,0,0,0.142857143,0.047619048,0.142857143,0.666666667
yams MR,0,0,0,1,0,0,0
gram LR,0.161538462,0.223076923,0.073076923,0.103846154,0.146153846,0.103846154,0.188461538
gram KR,0,0,0.4,0.2,0,0.4,0
gram MR,0,0,0.060606061,0.363636364,0.242424242,0.333333333,0
gram NR,0.145728643,0.105527638,0.190954774,0.150753769,0.135678392,0.145728643,0.125628141
gram HR,0,0,0,0,0,1,0
channa ?,0,0,0,0,0.5,0.5,0
channa LR,0.149038462,0.201923077,0.240384615,0.096153846,0.096153846,0.096153846,0.120192308
channa KR,0.155963303,0.266055046,0.100917431,0.119266055,0.100917431,0.142201835,0.114678899
channa MR,0.226190476,0,0.095238095,0.166666667,0.142857143,0.107142857,0.261904762
channa NR,0.09039548,0,0.09039548,0.209039548,0.248587571,0.209039548,0.152542373
channa HR,0,0,0.333333333,0.333333333,0.111111111,0.222222222,0
dhal NR,0.134408602,0.14516129,0.130824373,0.150537634,0.129032258,0.146953405,0.163082437
dhal KR,0.38,0,0.06,0.14,0.16,0.18,0.08
dhal LR,0.074074074,0.234567901,0.222222222,0.111111111,0.197530864,0.111111111,0.049382716
dhal MR,0,0,0.555555556,0,0.444444444,0,0
maida NR,0.160305344,0.094147583,0.132315522,0.132315522,0.122137405,0.165394402,0.193384224
maida KR,0.084848485,0.121212121,0.181818182,0.187878788,0.16969697,0.145454545,0.109090909
maida LR,0.174242424,0.325757576,0.113636364,0.121212121,0.166666667,0.060606061,0.037878788
maida MR,0,0,0.25,0.125,0.25,0.375,0
oats NR,0.113636364,0,0,0.204545455,0.159090909,0.113636364,0.409090909
oats KR,0.145929339,0.153609831,0.152073733,0.138248848,0.141321045,0.144393241,0.124423963
oats LR,0,0,0,0,0.5,0.5,0
oats MR,0,0,0,1,0,0,0
ragi NR,0,0.525,0,0.125,0.1,0.125,0.125
ragi KR,0.153364632,0.123630673,0.150234742,0.147104851,0.147104851,0.147104851,0.131455399
ragi LR,0.105263158,0,0.157894737,0.052631579,0.105263158,0.052631579,0.526315789
rice NR,0.5,0,0,0.125,0.125,0.25,0
rice KR,0.139332366,0.145137881,0.143686502,0.143686502,0.142235123,0.142235123,0.143686502
rice LR,0,0,0,0,1,0,0
wheat NR,0.16722408,0.147157191,0.140468227,0.133779264,0.122073579,0.142140468,0.147157191
wheat KR,0,0.3,0,0.15,0.3,0.25,0
wheat LR,0,0,0.25862069,0.24137931,0.224137931,0.086206897,0.189655172
wheat MR,0,0,0,0,1,0,0
coconut NR,0.166015625,0.1953125,0.13671875,0.126953125,0.115234375,0.12890625,0.130859375
coconut KR,0.022556391,0,0.157894737,0.240601504,0.203007519,0.187969925,0.187969925
coconut LR,0.235294118,0,0.156862745,0.058823529,0.235294118,0.176470588,0.137254902
coconut MR,0,0,0,0,1,0,0
oil NR,0.25,0,0.305555556,0.222222222,0.083333333,0.138888889,0
oil KR,0.138508371,0.152207002,0.133942161,0.136986301,0.143074581,0.144596651,0.150684932
oil LR,0,0,0,0.4,0.6,0,0
garlic NR,0.10652921,0.120274914,0.178694158,0.16838488,0.178694158,0.12371134,0.12371134
garlic KR,0.171428571,0.168831169,0.114285714,0.114285714,0.106493506,0.161038961,0.163636364
garlic LR,0.136363636,0,0.136363636,0.318181818,0.318181818,0.090909091,0
ginger NR,0.095419847,0.236641221,0.15648855,0.15648855,0.160305344,0.103053435,0.091603053
ginger KR,0.180288462,0.091346154,0.132211538,0.129807692,0.115384615,0.170673077,0.180288462
ginger LR,0,0,0.15,0.25,0.5,0.1,0
pepper NR,0.101265823,0.316455696,0.227848101,0.113924051,0.126582278,0.113924051,0
pepper KR,0.153846154,0.12541806,0.122073579,0.14548495,0.140468227,0.147157191,0.165551839
pepper LR,0,0,0.444444444,0.166666667,0.222222222,0.166666667,0
pepper MR,0,0,0,0.333333333,0.666666667,0,0
tamarind NR,0.088328076,0.069400631,0.261829653,0.154574132,0.164037855,0.126182965,0.135646688
tamarind KR,0.227891156,0.12585034,0.003401361,0.146258503,0.132653061,0.180272109,0.183673469
tamarind LR,0.057471264,0.471264368,0.172413793,0.091954023,0.103448276,0.08045977,0.022988506
aginomoto NR,0,0.225,0.25,0.1375,0.175,0.1,0.1125
aginomoto KR,0.162074554,0.132901135,0.128038898,0.144246353,0.139384117,0.147487844,0.145867099
aginomoto LR,0,0,0,0,0,1,0
spices NR,0.107142857,0,0.321428571,0.142857143,0.25,0.178571429,0
spices KR,0.146969697,0.151515152,0.127272727,0.143939394,0.136363636,0.143939394,0.15
spices LR,0,0,0.6,0.1,0.3,0,0
coco NR,0,0,0,0.428571429,0.142857143,0.428571429,0
coco KR,0.144927536,0.144927536,0.143478261,0.14057971,0.142028986,0.14057971,0.143478261
coco LR,0,0,0,0,1,0,0
horlicks KR,0.143266476,0.143266476,0.141833811,0.143266476,0.143266476,0.143266476,0.141833811
boost KR,0.143266476,0.143266476,0.141833811,0.143266476,0.143266476,0.143266476,0.141833811
nuts KR,0.143266476,0.143266476,0.141833811,0.143266476,0.143266476,0.143266476,0.141833811
runningnose yes,0.070552147,0.110429448,0.245398773,0.263803681,0.003067485,0.030674847,0.27607362
runningnose no,0.206989247,0.172043011,0.051075269,0.037634409,0.266129032,0.241935484,0.024193548
sneeze yes,0.063829787,0.156914894,0.212765957,0.244680851,0.005319149,0.071808511,0.244680851
sneeze no,0.236024845,0.127329193,0.059006211,0.02484472,0.304347826,0.226708075,0.02173913
cough yes,0.10443038,0.053797468,0.25,0.265822785,0.006329114,0.139240506,0.180379747
cough no,0.17539267,0.217277487,0.052356021,0.041884817,0.256544503,0.146596859,0.109947644
wheezeBlocks yes,0.064516129,0.17888563,0.269794721,0.225806452,0.005865103,0.140762463,0.114369501
wheezeBlocks no,0.218487395,0.109243697,0.019607843,0.06442577,0.274509804,0.145658263,0.168067227
headache yes,0.18852459,0,0.303278689,0.270491803,0.057377049,0.131147541,0.049180328
headache no,0.133680556,0.173611111,0.107638889,0.116319444,0.161458333,0.145833333,0.161458333
itching yes,0.171215881,0.248138958,0.022332506,0.00248139,0.248138958,0.062034739,0.245657568
itching no,0.105084746,0,0.305084746,0.33559322,0,0.254237288,0
swelling yes,0.195592287,0.275482094,0,0.002754821,0.261707989,0.013774105,0.250688705
swelling no,0.086567164,0,0.295522388,0.295522388,0.014925373,0.28358209,0.023880597
redrashes yes,0.195402299,0.287356322,0,0.002873563,0.267241379,0.002873563,0.244252874
redrashes no,0.091428571,0,0.282857143,0.282857143,0.02,0.282857143,0.04
FHistory yes,0.093851133,0.132686084,0.165048544,0.13592233,0.100323625,0.16828479,0.203883495
FHistory no,0.18251928,0.151670951,0.123393316,0.149100257,0.177377892,0.123393316,0.092544987
Sex m,0.155797101,0.06884058,0.15942029,0.184782609,0.170289855,0.148550725,0.112318841
Sex ?,0,0,0,0,0,1,0
Sex f,0.135391924,0.19239905,0.13064133,0.116389549,0.125890736,0.137767221,0.16152019
