A/C,UO,RO,RU,N,U,O,R
housedust HR,0.087452471,0.11026616,0.117870722,0.072243346,0.205323194,0.16730038,0.239543726
housedust KR,0,0,0,0,1,0,0
housedust NR,0.038461538,0.08974359,0.038461538,0.102564103,0.333333333,0.243589744,0.153846154
housedust LR,0.099009901,0.059405941,0.03960396,0.089108911,0.237623762,0.168316832,0.306930693
housedust MR,0.064285714,0.071428571,0.082142857,0.114285714,0.278571429,0.117857143,0.271428571
cottondust HR,0.136752137,0.051282051,0.128205128,0.094017094,0.239316239,0.128205128,0.222222222
cottondust KR,0,0,0,0,0.5,0,0.5
cottondust NR,0.057142857,0.1,0.047619048,0.042857143,0.285714286,0.166666667,0.3
cottondust LR,0.067567568,0.067567568,0.081081081,0.128378378,0.263513514,0.148648649,0.243243243
cottondust MR,0.06504065,0.101626016,0.097560976,0.117886179,0.223577236,0.166666667,0.227642276
aspergilus HR,0.075862069,0.117241379,0.089655172,0.082758621,0.179310345,0.234482759,0.220689655
aspergilus KR,0.111111111,0,0.111111111,0.111111111,0.111111111,0,0.555555556
aspergilus NR,0.095238095,0.079365079,0.058201058,0.100529101,0.275132275,0.148148148,0.243386243
aspergilus LR,0.055944056,0.090909091,0.055944056,0.062937063,0.314685315,0.132867133,0.286713287
aspergilus MR,0.067510549,0.071729958,0.11814346,0.113924051,0.248945148,0.135021097,0.244725738
pollen HR,0.086419753,0.102880658,0.102880658,0.094650206,0.205761317,0.156378601,0.251028807
pollen KR,0,0,0,0,0,0.5,0.5
pollen NR,0.034482759,0.086206897,0.034482759,0.086206897,0.172413793,0.25862069,0.327586207
pollen LR,0.084210526,0.063157895,0.063157895,0.115789474,0.263157895,0.084210526,0.326315789
pollen MR,0.070769231,0.08,0.086153846,0.089230769,0.301538462,0.156923077,0.215384615
parthenium HR,0.076712329,0.093150685,0.104109589,0.087671233,0.216438356,0.169863014,0.252054795
parthenium KR,0,0,0,0,0,1,0
parthenium NR,0.085714286,0.085714286,0.028571429,0.028571429,0.371428571,0.057142857,0.342857143
parthenium LR,0.035714286,0.035714286,0.089285714,0.160714286,0.25,0.196428571,0.232142857
parthenium MR,0.078947368,0.086466165,0.063909774,0.097744361,0.289473684,0.139097744,0.244360902
cockroach HR,0.079754601,0.095092025,0.09202454,0.128834356,0.245398773,0.125766871,0.233128834
cockroach KR,0,0,0,0,0.666666667,0.333333333,0
cockroach NR,0.106060606,0.090909091,0.03030303,0.075757576,0.348484848,0.121212121,0.227272727
cockroach LR,0.051948052,0.090909091,0.103896104,0.025974026,0.272727273,0.246753247,0.207792208
cockroach MR,0.067729084,0.071713147,0.083665339,0.075697211,0.227091633,0.175298805,0.298804781
cat dander HR,0,0.4,0,0,0.4,0.2,0
cat dander KR,0.073463268,0.077961019,0.083958021,0.100449775,0.253373313,0.15892054,0.251874063
cat dander NR,0.12195122,0.170731707,0.073170732,0.024390244,0.243902439,0.097560976,0.268292683
cat dander LR,0,0.125,0.25,0,0.125,0.25,0.25
cat dander MR,0,0,0,0,0.5,0,0.5
dos fur HR,0.2,0,0.4,0.2,0.2,0,0
dos fur KR,0.07165109,0.079439252,0.07788162,0.099688474,0.257009346,0.15576324,0.258566978
dos fur NR,0.038461538,0.076923077,0.115384615,0.038461538,0.269230769,0.192307692,0.269230769
dos fur LR,0.2,0.16,0.16,0.08,0.12,0.08,0.2
dos fur MR,0.04,0.2,0.08,0,0.28,0.24,0.16
Milk(P) HR,0,0.2,0,0,0.6,0.2,0
Milk(P) KR,0.111111111,0.080808081,0.04040404,0.404040404,0.111111111,0.090909091,0.161616162
Milk(P) NR,0.065088757,0.084812623,0.09270217,0.045364892,0.26035503,0.175542406,0.276134122
Milk(P) LR,0.074074074,0.061728395,0.098765432,0.061728395,0.358024691,0.12345679,0.222222222
Milk(P) MR,0.129032258,0.161290323,0.064516129,0,0.258064516,0.129032258,0.258064516
Milk( C ) HR,0,0,0.5,0,0,0.5,0
Milk( C ) KR,0.069767442,0.085271318,0.080620155,0.102325581,0.243410853,0.156589147,0.262015504
Milk( C ) NR,0.113207547,0.056603774,0.075471698,0,0.377358491,0.150943396,0.226415094
Milk( C ) LR,0.1875,0.0625,0.0625,0.125,0.3125,0.1875,0.0625
Milk( C ) MR,0,0.428571429,0.428571429,0,0.142857143,0,0
curd HR,0,0,0.166666667,0,0.333333333,0,0.5
curd KR,0.06993007,0.090909091,0.08041958,0.146853147,0.20979021,0.129370629,0.272727273
curd NR,0.083870968,0.093548387,0.070967742,0.074193548,0.248387097,0.158064516,0.270967742
curd LR,0.067567568,0.054054054,0.108108108,0.027027027,0.378378378,0.175675676,0.189189189
curd MR,0.063829787,0.063829787,0.14893617,0.021276596,0.340425532,0.29787234,0.063829787
coffee HR,0,0,0.1,0,0.3,0.4,0.2
coffee KR,0.069306931,0.081188119,0.079207921,0.126732673,0.22970297,0.134653465,0.279207921
coffee NR,0.074766355,0.168224299,0.056074766,0.018691589,0.308411215,0.177570093,0.196261682
coffee LR,0.089552239,0.029850746,0.164179104,0.014925373,0.358208955,0.194029851,0.149253731
coffee MR,0.147058824,0.029411765,0.088235294,0.029411765,0.205882353,0.264705882,0.235294118
tea HR,0.181818182,0.060606061,0.060606061,0.03030303,0.212121212,0.333333333,0.121212121
tea KR,0.072,0.082666667,0.088,0.133333333,0.226666667,0.141333333,0.256
tea NR,0.0859375,0.078125,0.0625,0.0625,0.28125,0.15625,0.2734375
tea LR,0.044642857,0.089285714,0.125,0.053571429,0.285714286,0.1875,0.214285714
tea MR,0.066666667,0.12,0.053333333,0.04,0.306666667,0.106666667,0.306666667
beef KR,0.073836276,0.086677368,0.083467095,0.101123596,0.243980738,0.154093098,0.25682183
beef MR,0.2,0.2,0,0.1,0.3,0.2,0
beef NR,0.046153846,0.076923077,0.123076923,0.015384615,0.261538462,0.2,0.276923077
beef LR,0.12,0.04,0.04,0.12,0.44,0.08,0.16
chicken HR,0.090909091,0.181818182,0.090909091,0.090909091,0.454545455,0,0.090909091
chicken KR,0.070895522,0.055970149,0.063432836,0.190298507,0.231343284,0.171641791,0.21641791
chicken NR,0.086466165,0.105263158,0.086466165,0.033834586,0.233082707,0.15037594,0.304511278
chicken LR,0.054054054,0.099099099,0.126126126,0.027027027,0.333333333,0.135135135,0.225225225
chicken MR,0.074626866,0.089552239,0.089552239,0.059701493,0.253731343,0.179104478,0.253731343
mutton HR,0,0.2,0.066666667,0.066666667,0.4,0.133333333,0.133333333
mutton KR,0.061971831,0.073239437,0.073239437,0.143661972,0.233802817,0.14084507,0.273239437
mutton NR,0.079812207,0.103286385,0.093896714,0.051643192,0.253521127,0.197183099,0.220657277
mutton LR,0.115384615,0.102564103,0.08974359,0.012820513,0.307692308,0.128205128,0.243589744
mutton MR,0.096774194,0.048387097,0.112903226,0.064516129,0.258064516,0.14516129,0.274193548
egg HR,0.076923077,0.230769231,0,0.230769231,0.230769231,0.076923077,0.153846154
egg KR,0.044843049,0.071748879,0.067264574,0.192825112,0.286995516,0.147982063,0.188340807
egg NR,0.06984127,0.098412698,0.092063492,0.053968254,0.228571429,0.165079365,0.292063492
egg LR,0.104166667,0.052083333,0.09375,0.052083333,0.270833333,0.166666667,0.260416667
egg MR,0.144736842,0.092105263,0.105263158,0,0.236842105,0.144736842,0.276315789
fish1 HR,0,0,0,0,0.666666667,0,0.333333333
fish1 KR,0.0625,0.08203125,0.0625,0.18359375,0.25,0.1640625,0.1953125
fish1 NR,0.064885496,0.099236641,0.08778626,0.045801527,0.240458015,0.129770992,0.332061069
fish1 LR,0.107913669,0.079136691,0.107913669,0.021582734,0.251798561,0.179856115,0.251798561
fish1 MR,0.095238095,0.063492063,0.111111111,0.095238095,0.301587302,0.19047619,0.142857143
fish2 HR,0,0,0,0,0.5,0,0.5
fish2 KR,0.072222222,0.086111111,0.069444444,0.144444444,0.244444444,0.15,0.233333333
fish2 NR,0.078358209,0.085820896,0.097014925,0.052238806,0.25,0.152985075,0.28358209
fish2 LR,0.058823529,0.073529412,0.102941176,0.029411765,0.323529412,0.191176471,0.220588235
fish2 MR,0.12,0.12,0.12,0,0.2,0.2,0.24
crab HR,0.266666667,0.133333333,0.133333333,0,0.066666667,0.133333333,0.266666667
crab KR,0.06042885,0.079922027,0.07797271,0.1208577,0.255360624,0.157894737,0.247563353
crab NR,0.08411215,0.065420561,0.08411215,0.009345794,0.271028037,0.186915888,0.299065421
crab LR,0.071428571,0.089285714,0.142857143,0.053571429,0.267857143,0.178571429,0.196428571
crab MR,0.1875,0.21875,0.0625,0.0625,0.21875,0,0.25
prawns HR,0.076923077,0.076923077,0.153846154,0,0.269230769,0.192307692,0.230769231
prawns KR,0.070028011,0.086834734,0.078431373,0.145658263,0.235294118,0.165266106,0.218487395
prawns NR,0.071770335,0.076555024,0.086124402,0.052631579,0.267942584,0.153110048,0.291866029
prawns LR,0.094117647,0.070588235,0.094117647,0.047058824,0.235294118,0.117647059,0.341176471
prawns MR,0.086956522,0.152173913,0.065217391,0.02173913,0.347826087,0.152173913,0.173913043
shark HR,0,0,0,0,1,0,0
shark KR,0.075667656,0.087537092,0.080118694,0.099406528,0.253709199,0.15727003,0.246290801
shark NR,0.068181818,0.045454545,0.113636364,0.022727273,0.25,0.136363636,0.363636364
shark LR,0,0.333333333,0.333333333,0,0,0.333333333,0
shark MR,0,0,1,0,0,0,0
avaraikai HR,0.142857143,0.142857143,0.142857143,0,0.428571429,0.142857143,0
avaraikai KR,0.067605634,0.090140845,0.067605634,0.135211268,0.214084507,0.146478873,0.278873239
avaraikai NR,0.078740157,0.070866142,0.090551181,0.062992126,0.287401575,0.141732283,0.267716535
avaraikai LR,0.086956522,0.130434783,0.130434783,0.057971014,0.246376812,0.202898551,0.144927536
avaraikai MR,0.078947368,0.052631579,0.105263158,0,0.368421053,0.263157895,0.131578947
banana HR,0,0,0,0,0.5,0,0.5
banana KR,0.07530648,0.096322242,0.078809107,0.106830123,0.241681261,0.166374781,0.234676007
banana NR,0.078947368,0.043859649,0.105263158,0.035087719,0.315789474,0.122807018,0.298245614
banana LR,0.083333333,0.041666667,0.125,0.041666667,0.25,0.125,0.333333333
banana MR,0,0.083333333,0.083333333,0.166666667,0.166666667,0.083333333,0.416666667
beans HR,0.052631579,0,0,0.052631579,0.368421053,0.157894737,0.368421053
beans KR,0.034782609,0.07826087,0.052173913,0.382608696,0.147826087,0.086956522,0.217391304
beans NR,0.072192513,0.117647059,0.082887701,0.032085561,0.272727273,0.187165775,0.235294118
beans LR,0.114503817,0.038167939,0.160305344,0.030534351,0.312977099,0.122137405,0.221374046
beans MR,0.083333333,0.047619048,0.035714286,0.083333333,0.19047619,0.166666667,0.392857143
beet root HR,0.285714286,0,0,0,0.142857143,0.571428571,0
beet root KR,0.051075269,0.077956989,0.080645161,0.14516129,0.225806452,0.158602151,0.260752688
beet root NR,0.083665339,0.103585657,0.079681275,0.051792829,0.262948207,0.147410359,0.270916335
beet root LR,0.177419355,0.064516129,0.096774194,0.016129032,0.338709677,0.112903226,0.193548387
beet root MR,0.032258065,0.096774194,0.161290323,0,0.35483871,0.193548387,0.161290323
brinjal HR,0.142857143,0,0.095238095,0,0.142857143,0.285714286,0.333333333
brinjal KR,0.079207921,0.059405941,0.059405941,0.232673267,0.257425743,0.178217822,0.133663366
brinjal NR,0.069536424,0.09602649,0.079470199,0.049668874,0.28807947,0.135761589,0.281456954
brinjal LR,0.085714286,0.121428571,0.1,0.042857143,0.207142857,0.15,0.292857143
brinjal MR,0.034482759,0.068965517,0.155172414,0,0.206896552,0.155172414,0.379310345
cabbage HR,0.166666667,0,0.166666667,0,0.333333333,0.333333333,0
cabbage KR,0.073170732,0.076219512,0.070121951,0.149390244,0.24695122,0.137195122,0.24695122
cabbage NR,0.073089701,0.083056478,0.089700997,0.059800664,0.242524917,0.176079734,0.275747508
cabbage LR,0.111111111,0.174603175,0.095238095,0.015873016,0.238095238,0.126984127,0.238095238
cabbage MR,0,0.04,0.16,0,0.48,0.2,0.12
capsicum HR,0,0.25,0,0,0.5,0,0.25
capsicum KR,0.07394958,0.084033613,0.077310924,0.097478992,0.25210084,0.157983193,0.257142857
capsicum NR,0.060606061,0.090909091,0.131313131,0.090909091,0.303030303,0.121212121,0.202020202
capsicum LR,0.133333333,0.066666667,0.133333333,0,0.066666667,0.2,0.4
capsicum MR,0.2,0.1,0,0.1,0,0.4,0.2
chillie KR,0.073322933,0.08424337,0.08424337,0.096723869,0.252730109,0.157566303,0.251170047
chillie MR,0.333333333,0,0,0,0.666666667,0,0
chillie NR,0.085714286,0.114285714,0.071428571,0.085714286,0.242857143,0.142857143,0.257142857
chillie LR,0,0,0.222222222,0,0.222222222,0.222222222,0.333333333
cauliflower HR,0,0,0,0,0.4,0.2,0.4
cauliflower KR,0.07755102,0.097959184,0.071428571,0.120408163,0.253061224,0.144897959,0.234693878
cauliflower NR,0.088757396,0.071005917,0.118343195,0.035502959,0.24852071,0.159763314,0.278106509
cauliflower LR,0.025641026,0.025641026,0.102564103,0.051282051,0.230769231,0.153846154,0.41025641
cauliflower MR,0,0.05,0.1,0.05,0.3,0.4,0.1
carrot HR,0.1,0.1,0.2,0,0.3,0,0.3
carrot KR,0.019047619,0.085714286,0.038095238,0.4,0.152380952,0.152380952,0.152380952
carrot NR,0.087398374,0.089430894,0.081300813,0.042682927,0.264227642,0.150406504,0.284552846
carrot LR,0.06097561,0.073170732,0.146341463,0.024390244,0.292682927,0.182926829,0.219512195
carrot MR,0.088235294,0.058823529,0.088235294,0.088235294,0.294117647,0.235294118,0.147058824
chow-chow HR,0,0,0,0,0.2,0.8,0
chow-chow KR,0.074652778,0.09375,0.083333333,0.105902778,0.246527778,0.149305556,0.246527778
chow-chow NR,0.051282051,0.051282051,0.094017094,0.05982906,0.273504274,0.170940171,0.299145299
chow-chow LR,0.210526316,0.105263158,0.052631579,0,0.315789474,0.105263158,0.210526316
chow-chow MR,0.166666667,0,0.166666667,0,0.333333333,0.166666667,0.166666667
corn HR,0,0.5,0,0,0,0,0.5
corn KR,0.071906355,0.090301003,0.081939799,0.112040134,0.234113712,0.152173913,0.257525084
corn NR,0.078431373,0.049019608,0.088235294,0.009803922,0.343137255,0.196078431,0.235294118
corn LR,0.176470588,0.117647059,0.117647059,0,0.352941176,0.117647059,0.117647059
corn MR,0,0,0.25,0,0.5,0,0.25
cucumber KR,0.073322933,0.085803432,0.076443058,0.098283931,0.258970359,0.15600624,0.251170047
cucumber MR,0,0,0,0,0.333333333,0,0.666666667
cucumber NR,0.088235294,0.088235294,0.147058824,0.044117647,0.205882353,0.161764706,0.264705882
cucumber LR,0.090909091,0.090909091,0.181818182,0.181818182,0.181818182,0.181818182,0.090909091
drumstick HR,0,0,0,0,0.6,0,0.4
drumstick KR,0.03030303,0.04040404,0.080808081,0.404040404,0.101010101,0.121212121,0.222222222
drumstick NR,0.083503055,0.097759674,0.083503055,0.040733198,0.283095723,0.17107943,0.240325866
drumstick LR,0.102564103,0.064102564,0.08974359,0.076923077,0.217948718,0.115384615,0.333333333
drumstick MR,0.04,0.1,0.1,0.04,0.28,0.16,0.28
greens HR,0.1,0.1,0.1,0.1,0.15,0.15,0.3
greens KR,0.019047619,0.047619048,0.028571429,0.380952381,0.123809524,0.114285714,0.285714286
greens NR,0.072423398,0.08913649,0.091922006,0.055710306,0.247910864,0.167130919,0.275766017
greens LR,0.12345679,0.086419753,0.092592593,0.012345679,0.333333333,0.179012346,0.172839506
greens MR,0.051948052,0.116883117,0.103896104,0.051948052,0.311688312,0.116883117,0.246753247
gourds HR,0.25,0.25,0.25,0,0.25,0,0
gourds KR,0.054644809,0.098360656,0.06010929,0.229508197,0.18579235,0.169398907,0.202185792
gourds NR,0.074074074,0.081481481,0.086419753,0.059259259,0.271604938,0.150617284,0.27654321
gourds LR,0.097087379,0.058252427,0.097087379,0.009708738,0.281553398,0.165048544,0.291262136
gourds MR,0.107142857,0.142857143,0.142857143,0.035714286,0.321428571,0.142857143,0.107142857
kovaikai HR,0.5,0,0,0.5,0,0,0
kovaikai KR,0.070422535,0.095070423,0.086267606,0.103873239,0.237676056,0.156690141,0.25
kovaikai NR,0.084615385,0.053846154,0.084615385,0.053846154,0.307692308,0.153846154,0.261538462
kovaikai LR,0.111111111,0.055555556,0,0.055555556,0.333333333,0.111111111,0.333333333
kovaikai MR,0,0,0.2,0,0.4,0.4,0
kothavarai KR,0.074242424,0.086363636,0.08030303,0.095454545,0.248484848,0.160606061,0.254545455
kothavarai NR,0.092592593,0.074074074,0.092592593,0.092592593,0.277777778,0.12962963,0.240740741
kothavarai LR,0,0.111111111,0.333333333,0,0.444444444,0,0.111111111
L finger HR,0.096774194,0.032258065,0.161290323,0,0.258064516,0.258064516,0.193548387
L finger KR,0.052173913,0.069565217,0.060869565,0.356521739,0.165217391,0.069565217,0.226086957
L finger NR,0.080701754,0.101754386,0.066666667,0.049122807,0.263157895,0.2,0.238596491
L finger LR,0.077777778,0.083333333,0.088888889,0.033333333,0.272222222,0.144444444,0.3
L finger MR,0.071428571,0.080357143,0.125,0.0625,0.285714286,0.125,0.25
malli HR,0,0,0,0,0,0,1
malli KR,0.069582505,0.085487078,0.087475149,0.107355865,0.246520875,0.155069583,0.248508946
malli NR,0.095238095,0.095238095,0.079365079,0.058201058,0.259259259,0.153439153,0.259259259
malli LR,0.05,0.05,0.1,0.05,0.45,0.1,0.2
malli MR,0,0,0,0.2,0.1,0.4,0.3
mango HR,0,0,0,0,0.5,0.5,0
mango KR,0.064356436,0.087458746,0.089108911,0.095709571,0.239273927,0.156765677,0.267326733
mango NR,0.137931034,0.08045977,0.057471264,0.091954023,0.32183908,0.114942529,0.195402299
mango LR,0.095238095,0.047619048,0.047619048,0.095238095,0.238095238,0.333333333,0.142857143
mango MR,0.142857143,0.142857143,0.142857143,0,0.571428571,0,0
mushroom HR,0,0,0,0.6,0.2,0.2,0
mushroom KR,0.072438163,0.090106007,0.086572438,0.104240283,0.238515901,0.155477032,0.252650177
mushroom NR,0.096774194,0.080645161,0.056451613,0.032258065,0.35483871,0.14516129,0.233870968
mushroom LR,0,0.045454545,0.227272727,0.090909091,0.045454545,0.227272727,0.363636364
mushroom MR,0.166666667,0,0,0,0.333333333,0.166666667,0.333333333
nuckol HR,0.5,0,0,0.5,0,0,0
nuckol KR,0.075734158,0.081916538,0.085007728,0.092735703,0.245749614,0.157650696,0.261205564
nuckol NR,0.066666667,0.133333333,0.05,0.033333333,0.333333333,0.166666667,0.216666667
nuckol LR,0,0.076923077,0.153846154,0.384615385,0.307692308,0.076923077,0
nuckol MR,0,0,1,0,0,0,0
onion HR,0.166666667,0.333333333,0,0,0.333333333,0,0.166666667
onion KR,0,0,0.052631579,0.701754386,0.070175439,0.070175439,0.105263158
onion NR,0.075,0.092307692,0.084615385,0.048076923,0.265384615,0.163461538,0.271153846
onion LR,0.117647059,0.068627451,0.088235294,0.019607843,0.274509804,0.166666667,0.264705882
onion MR,0.052631579,0.131578947,0.131578947,0.026315789,0.289473684,0.184210526,0.184210526
peas HR,0,0,0,0,1,0,0
peas KR,0.0875,0.1,0.064583333,0.110416667,0.2625,0.139583333,0.235416667
peas NR,0.046632124,0.067357513,0.124352332,0.046632124,0.21761658,0.196891192,0.300518135
peas LR,0.052631579,0.026315789,0.157894737,0.157894737,0.289473684,0.131578947,0.184210526
peas MR,0.1,0,0,0,0.2,0.3,0.4
potroot HR,0,0.333333333,0.166666667,0,0,0.333333333,0.166666667
potroot KR,0.073394495,0.082568807,0.064220183,0.123853211,0.252293578,0.178899083,0.224770642
potroot NR,0.076923077,0.095022624,0.108597285,0.058823529,0.257918552,0.104072398,0.298642534
potroot LR,0.12195122,0.048780488,0.12195122,0.024390244,0.292682927,0.12195122,0.268292683
potroot MR,0,0.052631579,0.157894737,0,0.210526316,0.263157895,0.315789474
paneer HR,0,0,0,0,0.5,0.5,0
paneer KR,0.076521739,0.088695652,0.076521739,0.114782609,0.252173913,0.156521739,0.234782609
paneer NR,0.070175439,0.087719298,0.131578947,0.01754386,0.236842105,0.149122807,0.307017544
paneer LR,0.090909091,0.045454545,0.045454545,0,0.409090909,0.136363636,0.272727273
paneer MR,0,0,0.1,0,0.1,0.2,0.6
potato HR,0.2,0.1,0.1,0,0.2,0.1,0.3
potato KR,0.086614173,0.05511811,0.070866142,0.362204724,0.181102362,0.133858268,0.11023622
potato NR,0.071895425,0.093681917,0.074074074,0.043572985,0.237472767,0.165577342,0.31372549
potato LR,0.041237113,0.082474227,0.144329897,0.020618557,0.350515464,0.18556701,0.175257732
potato MR,0.133333333,0.1,0.1,0,0.5,0.033333333,0.133333333
pumkin HR,0,0,1,0,0,0,0
pumkin KR,0.070607553,0.085385878,0.072249589,0.10180624,0.251231527,0.159277504,0.259441708
pumkin NR,0.108433735,0.084337349,0.084337349,0.072289157,0.277108434,0.180722892,0.192771084
pumkin LR,0.083333333,0.125,0.291666667,0,0.166666667,0.041666667,0.291666667
pumkin MR,0,0,0.333333333,0,0.5,0,0.166666667
pudina HR,0.2,0.2,0.2,0,0,0.2,0.2
pudina KR,0.070850202,0.082995951,0.08097166,0.107287449,0.240890688,0.149797571,0.267206478
pudina NR,0.088235294,0.094117647,0.082352941,0.052941176,0.282352941,0.170588235,0.229411765
pudina LR,0.058823529,0.058823529,0.088235294,0.088235294,0.352941176,0.088235294,0.264705882
pudina MR,0.05,0.1,0.15,0.15,0.2,0.3,0.05
radish HR,0,0.5,0,0,0.5,0,0
radish KR,0.059322034,0.081920904,0.087570621,0.146892655,0.237288136,0.149717514,0.237288136
radish NR,0.087837838,0.081081081,0.077702703,0.050675676,0.280405405,0.162162162,0.260135135
radish LR,0.12,0.12,0.1,0.02,0.24,0.14,0.26
radish MR,0.047619048,0.095238095,0.095238095,0,0.142857143,0.238095238,0.380952381
tomato HR,0,0.125,0.125,0,0.25,0.125,0.375
tomato KR,0.014492754,0.057971014,0.057971014,0.579710145,0.101449275,0.043478261,0.144927536
tomato NR,0.074363992,0.093933464,0.082191781,0.052837573,0.26223092,0.178082192,0.256360078
tomato LR,0.0625,0.072916667,0.072916667,0,0.333333333,0.145833333,0.3125
tomato MR,0.230769231,0.051282051,0.179487179,0.025641026,0.205128205,0.102564103,0.205128205
tondaikai KR,0.073899371,0.086477987,0.081761006,0.099056604,0.254716981,0.158805031,0.245283019
tondaikai NR,0.0625,0.0875,0.1125,0.0625,0.2375,0.15,0.2875
tondaikai LR,0.285714286,0,0,0,0.285714286,0,0.428571429
vazpoo/thandu HR,0,0,0,0,0.5,0.5,0
vazpoo/thandu KR,0.071537291,0.088280061,0.079147641,0.097412481,0.249619482,0.158295282,0.255707763
vazpoo/thandu NR,0.094339623,0.075471698,0.113207547,0.075471698,0.301886792,0.113207547,0.226415094
vazpoo/thandu LR,0,0,0.333333333,0,0.166666667,0.166666667,0.333333333
vazpoo/thandu MR,0.4,0,0.2,0,0.2,0.2,0
yams HR,0.2,0,0,0,0.6,0.2,0
yams KR,0.063291139,0.075949367,0.082278481,0.116033755,0.253164557,0.160337553,0.248945148
yams NR,0.063953488,0.104651163,0.081395349,0.052325581,0.244186047,0.168604651,0.284883721
yams LR,0.215686275,0.137254902,0.098039216,0.058823529,0.196078431,0.098039216,0.196078431
yams MR,0.047619048,0.047619048,0.142857143,0.047619048,0.380952381,0.095238095,0.238095238
gram HR,0.024390244,0.12195122,0.12195122,0.048780488,0.268292683,0.219512195,0.195121951
gram KR,0,0,0.021276596,0.787234043,0.063829787,0.042553191,0.085106383
gram NR,0.101449275,0.105072464,0.065217391,0.043478261,0.25,0.130434783,0.304347826
gram LR,0.087155963,0.059633028,0.105504587,0.036697248,0.298165138,0.188073394,0.224770642
gram MR,0.042553191,0.106382979,0.09929078,0.063829787,0.24822695,0.177304965,0.262411348
channa HR,0,0.12,0.04,0.08,0.36,0.12,0.28
channa KR,0.064220183,0.091743119,0.018348624,0.211009174,0.233944954,0.151376147,0.229357798
channa NR,0.081712062,0.070038911,0.105058366,0.042801556,0.280155642,0.178988327,0.241245136
channa LR,0.068027211,0.088435374,0.149659864,0.040816327,0.244897959,0.081632653,0.326530612
channa MR,0.118421053,0.105263158,0.092105263,0.039473684,0.197368421,0.25,0.197368421
dhal HR,0.076923077,0.230769231,0.153846154,0,0.307692308,0.153846154,0.076923077
dhal KR,0,0,0.043478261,0.760869565,0.065217391,0.02173913,0.108695652
dhal NR,0.076,0.084,0.086,0.054,0.254,0.176,0.27
dhal LR,0.101010101,0.070707071,0.070707071,0.04040404,0.303030303,0.161616162,0.252525253
dhal MR,0.076923077,0.153846154,0.107692308,0.030769231,0.292307692,0.092307692,0.246153846
maida HR,0.083333333,0.166666667,0.083333333,0,0.166666667,0.083333333,0.416666667
maida KR,0.045045045,0.081081081,0.081081081,0.202702703,0.256756757,0.157657658,0.175675676
maida NR,0.08719346,0.092643052,0.08719346,0.057220708,0.242506812,0.16893733,0.264305177
maida LR,0.08988764,0.078651685,0.06741573,0.011235955,0.280898876,0.08988764,0.382022472
maida MR,0.090909091,0.03030303,0.121212121,0.03030303,0.303030303,0.212121212,0.212121212
oats HR,0,0,0,0,1,0,0
oats KR,0.070261438,0.088235294,0.086601307,0.10620915,0.248366013,0.153594771,0.246732026
oats NR,0.117021277,0.085106383,0.053191489,0.031914894,0.287234043,0.159574468,0.265957447
oats LR,0,0,0.083333333,0,0.166666667,0.333333333,0.416666667
oats MR,0,0,0.5,0,0.25,0,0.25
ragi HR,0,0.333333333,0,0,0.666666667,0,0
ragi KR,0.071428571,0.091575092,0.087912088,0.104395604,0.249084249,0.153846154,0.241758242
ragi NR,0.075342466,0.068493151,0.068493151,0.075342466,0.260273973,0.143835616,0.308219178
ragi LR,0.176470588,0.058823529,0.117647059,0,0.235294118,0.235294118,0.176470588
ragi MR,0.090909091,0,0.090909091,0,0.272727273,0.363636364,0.181818182
rice KR,0.074796748,0.089430894,0.07804878,0.104065041,0.22601626,0.165853659,0.261788618
rice MR,0,0,1,0,0,0,0
rice NR,0.078431373,0.058823529,0.117647059,0.039215686,0.421568627,0.098039216,0.18627451
rice LR,0,0.2,0,0,0.2,0.2,0.4
wheat HR,0,0.0625,0.0625,0,0.5,0.1875,0.1875
wheat KR,0.043859649,0.087719298,0.043859649,0.359649123,0.175438596,0.140350877,0.149122807
wheat NR,0.073434125,0.088552916,0.086393089,0.05399568,0.24838013,0.174946004,0.274298056
wheat LR,0.104166667,0.083333333,0.09375,0.020833333,0.322916667,0.104166667,0.270833333
wheat MR,0.147058824,0.058823529,0.176470588,0,0.264705882,0.088235294,0.264705882
coconut HR,0,0,0,0,0.666666667,0,0.333333333
coconut KR,0.076190476,0.066666667,0.066666667,0.233333333,0.161904762,0.157142857,0.238095238
coconut NR,0.062176166,0.106217617,0.085492228,0.044041451,0.300518135,0.163212435,0.238341969
coconut LR,0.082352941,0.070588235,0.082352941,0.023529412,0.258823529,0.152941176,0.329411765
coconut MR,0.179487179,0.025641026,0.179487179,0,0.230769231,0.102564103,0.282051282
oil HR,0,0,0,0,0.571428571,0.285714286,0.142857143
oil KR,0.046703297,0.085164835,0.098901099,0.156593407,0.173076923,0.129120879,0.31043956
oil NR,0.09765625,0.10546875,0.07421875,0.03515625,0.30859375,0.16015625,0.21875
oil LR,0.130434783,0.028985507,0.057971014,0.028985507,0.405797101,0.202898551,0.144927536
oil MR,0.111111111,0.074074074,0.074074074,0,0.333333333,0.333333333,0.074074074
garlic HR,0,0.333333333,0,0,0.5,0.166666667,0
garlic KR,0.062330623,0.070460705,0.089430894,0.140921409,0.246612466,0.138211382,0.25203252
garlic NR,0.079365079,0.111111111,0.075396825,0.055555556,0.253968254,0.158730159,0.265873016
garlic LR,0.134328358,0.059701493,0.104477612,0.029850746,0.223880597,0.223880597,0.223880597
garlic MR,0.068965517,0.068965517,0.068965517,0,0.344827586,0.206896552,0.24137931
ginger HR,0,0,0,0,0.6,0.4,0
ginger KR,0.06504065,0.078590786,0.08401084,0.157181572,0.230352304,0.138211382,0.246612466
ginger NR,0.090225564,0.093984962,0.086466165,0.033834586,0.266917293,0.157894737,0.270676692
ginger LR,0.06,0.14,0.12,0,0.24,0.18,0.26
ginger MR,0.090909091,0.03030303,0.03030303,0.03030303,0.363636364,0.272727273,0.181818182
pepper KR,0.066978193,0.085669782,0.074766355,0.102803738,0.249221184,0.160436137,0.260124611
pepper MR,1,0,0,0,0,0,0
pepper NR,0.125,0.097222222,0.152777778,0.027777778,0.305555556,0.125,0.166666667
pepper LR,0,0,0.285714286,0,0.142857143,0.142857143,0.428571429
tamarind HR,0,0.153846154,0,0,0.384615385,0.230769231,0.230769231
tamarind KR,0.040816327,0.068027211,0.074829932,0.278911565,0.183673469,0.129251701,0.224489796
tamarind NR,0.08801956,0.092909535,0.083129584,0.056234719,0.249388753,0.151589242,0.278728606
tamarind LR,0.076923077,0.028846154,0.125,0.028846154,0.336538462,0.163461538,0.240384615
tamarind MR,0.08,0.18,0.06,0.02,0.28,0.24,0.14
aginomoto HR,0,0.25,0.25,0,0.5,0,0
aginomoto KR,0.069948187,0.090673575,0.075129534,0.134715026,0.238341969,0.150259067,0.240932642
aginomoto NR,0.071713147,0.079681275,0.09561753,0.051792829,0.270916335,0.163346614,0.266932271
aginomoto LR,0.12,0.08,0.1,0.02,0.18,0.2,0.3
aginomoto MR,0.09375,0.0625,0.0625,0.0625,0.375,0.125,0.21875
spices HR,0,0,0,0,0.5,0,0.5
spices KR,0.072072072,0.086486486,0.073873874,0.115315315,0.23963964,0.162162162,0.25045045
spices NR,0.079710145,0.079710145,0.144927536,0.028985507,0.282608696,0.137681159,0.246376812
spices LR,0.095238095,0.095238095,0,0,0.333333333,0.19047619,0.285714286
spices MR,0.2,0.2,0,0,0.4,0,0.2
coco HR,0,0.25,0,0,0,0.5,0.25
coco KR,0.067125645,0.074010327,0.077452668,0.113597246,0.254733219,0.151462995,0.2616179
coco NR,0.12605042,0.142857143,0.12605042,0.016806723,0.218487395,0.168067227,0.201680672
coco LR,0,0,0.083333333,0,0.583333333,0.166666667,0.166666667
coco MR,0,0.142857143,0,0,0.285714286,0.142857143,0.428571429
drink 1 KR,0.073208723,0.08411215,0.080996885,0.096573209,0.246105919,0.157320872,0.261682243
drink 1 MR,0.25,0,0,0,0,0.75,0
drink 1 NR,0.086956522,0.101449275,0.115942029,0.072463768,0.347826087,0.072463768,0.202898551
drink 1 LR,0,0.125,0.125,0.125,0.125,0.5,0
drink2 KR,0.0734375,0.084375,0.08125,0.096875,0.2453125,0.1609375,0.2578125
drink2 MR,0.333333333,0,0,0,0.333333333,0.333333333,0
drink2 NR,0.083333333,0.097222222,0.125,0.055555556,0.333333333,0.083333333,0.222222222
drink2 LR,0,0.125,0,0.25,0.125,0.375,0.125
fruit1 HR,0.068965517,0.103448276,0.206896552,0.034482759,0.206896552,0.103448276,0.275862069
fruit1 KR,0.033333333,0.108333333,0.025,0.325,0.116666667,0.15,0.241666667
fruit1 NR,0.089552239,0.044776119,0.119402985,0.014925373,0.223880597,0.208955224,0.298507463
fruit1 LR,0.087719298,0.082706767,0.067669173,0.060150376,0.268170426,0.162907268,0.270676692
fruit1 MR,0.064814815,0.092592593,0.157407407,0.027777778,0.37962963,0.12037037,0.157407407
fruit2 HR,0.142857143,0,0,0.071428571,0.5,0.142857143,0.142857143
fruit2 KR,0.032679739,0.098039216,0.032679739,0.281045752,0.150326797,0.137254902,0.267973856
fruit2 NR,0.068965517,0.068965517,0.091954023,0.011494253,0.252873563,0.195402299,0.310344828
fruit2 LR,0.08310992,0.075067024,0.085790885,0.061662198,0.273458445,0.166219839,0.254691689
fruit2 MR,0.104166667,0.135416667,0.166666667,0,0.302083333,0.114583333,0.177083333
lime HR,0,0,0,0,0.666666667,0,0.333333333
lime KR,0.069548872,0.082706767,0.097744361,0.109022556,0.231203008,0.144736842,0.265037594
lime NR,0.086206897,0.077586207,0.043103448,0.060344828,0.327586207,0.189655172,0.215517241
lime LR,0.079365079,0.142857143,0.063492063,0.031746032,0.301587302,0.206349206,0.174603175
lime MR,0.222222222,0,0,0.111111111,0.111111111,0.111111111,0.444444444
nuts HR,0.025641026,0.076923077,0.128205128,0.051282051,0.230769231,0.102564103,0.384615385
nuts KR,0.066326531,0.056122449,0.056122449,0.214285714,0.193877551,0.168367347,0.244897959
nuts NR,0.094420601,0.098712446,0.08583691,0.051502146,0.240343348,0.158798283,0.270386266
nuts LR,0.08125,0.08125,0.0875,0.0625,0.35625,0.1375,0.19375
nuts MR,0.052631579,0.126315789,0.115789474,0.021052632,0.242105263,0.178947368,0.263157895
running nose YES,0,0.19379845,0.189922481,0.007751938,0.011627907,0.054263566,0.542635659
running nose NO,0.116129032,0.025806452,0.025806452,0.141935484,0.387096774,0.212903226,0.090322581
sneeze YES,0,0.19924812,0.191729323,0,0.003759398,0.045112782,0.560150376
sneeze NO,0.118161926,0.019693654,0.021881838,0.148796499,0.398249453,0.221006565,0.072210066
cough YES,0.005780347,0.231213873,0.219653179,0,0,0.075144509,0.468208092
cough NO,0.096363636,0.04,0.041818182,0.123636364,0.332727273,0.181818182,0.183636364
wheeze/blocks YES,0.008888889,0.195555556,0.208888889,0,0.008888889,0.12,0.457777778
wheeze/blocks NO,0.104417671,0.036144578,0.02811245,0.136546185,0.363453815,0.172690763,0.158634538
headache YES,0.007462687,0.276119403,0.298507463,0,0,0.02238806,0.395522388
headache NO,0.089983022,0.042444822,0.03565365,0.115449915,0.310696095,0.186757216,0.21901528
itching YES,0.148044693,0.002793296,0.159217877,0,0.491620112,0.195530726,0.002793296
itching NO,0.002739726,0.167123288,0.010958904,0.18630137,0.019178082,0.117808219,0.495890411
swelling YES,0.126582278,0,0.246835443,0,0.493670886,0.132911392,0
swelling NO,0.060176991,0.109734513,0.038938053,0.120353982,0.185840708,0.162831858,0.322123894
red rashes YES,0.144,0,0.312,0,0.392,0.152,0
red rashes NO,0.060200669,0.10367893,0.036789298,0.113712375,0.224080268,0.157190635,0.304347826
gender F,0.072351421,0.085271318,0.095607235,0.087855297,0.289405685,0.149870801,0.219638243
gender M,0.077380952,0.086309524,0.071428571,0.101190476,0.211309524,0.163690476,0.288690476
f_history YES,0.087378641,0.150485437,0.128640777,0,0.286407767,0.165048544,0.182038835
f_history NO,0.057877814,0,0.025723473,0.218649518,0.209003215,0.144694534,0.344051447
