A/C,R,U,RU,RO,O,UO,N
housedust MR,0.230496454,0.365248227,0.081560284,0.070921986,0.09929078,0.063829787,0.088652482
housedust KR,0,1,0,0,0,0,0
housedust HR,0.197026022,0.301115242,0.115241636,0.107806691,0.141263941,0.085501859,0.05204461
housedust NR,0.131578947,0.447368421,0.039473684,0.092105263,0.184210526,0.039473684,0.065789474
housedust LR,0.25,0.333333333,0.041666667,0.0625,0.15625,0.104166667,0.052083333
cottondust MR,0.196,0.332,0.096,0.1,0.132,0.064,0.08
cottondust KR,0.5,0.5,0,0,0,0,0
cottondust HR,0.191666667,0.333333333,0.125,0.05,0.108333333,0.133333333,0.058333333
cottondust NR,0.236714976,0.367149758,0.048309179,0.101449275,0.149758454,0.057971014,0.038647343
cottondust LR,0.206896552,0.351724138,0.082758621,0.068965517,0.124137931,0.068965517,0.096551724
aspergilus MR,0.208510638,0.336170213,0.119148936,0.072340426,0.110638298,0.068085106,0.085106383
aspergilus KR,0.428571429,0.142857143,0.142857143,0,0,0.142857143,0.142857143
aspergilus HR,0.188811189,0.27972028,0.090909091,0.118881119,0.202797203,0.076923077,0.041958042
aspergilus NR,0.211340206,0.360824742,0.056701031,0.077319588,0.118556701,0.092783505,0.082474227
aspergilus LR,0.220689655,0.420689655,0.055172414,0.089655172,0.117241379,0.055172414,0.04137931
pollen MR,0.184952978,0.376175549,0.087774295,0.081504702,0.131661442,0.072100313,0.065830721
pollen KR,0.5,0,0,0,0.5,0,0
pollen HR,0.202380952,0.317460317,0.099206349,0.099206349,0.134920635,0.083333333,0.063492063
pollen NR,0.263157895,0.315789474,0.035087719,0.087719298,0.192982456,0.035087719,0.070175439
pollen LR,0.276595745,0.35106383,0.063829787,0.063829787,0.074468085,0.085106383,0.085106383
parthenium MR,0.203773585,0.377358491,0.064150943,0.086792453,0.116981132,0.079245283,0.071698113
parthenium KR,0,0,0,0,1,0,0
parthenium HR,0.20923913,0.315217391,0.10326087,0.092391304,0.144021739,0.076086957,0.059782609
parthenium NR,0.272727273,0.424242424,0.03030303,0.090909091,0.060606061,0.090909091,0.03030303
parthenium LR,0.210526316,0.368421053,0.087719298,0.035087719,0.140350877,0.035087719,0.122807018
cockroach MR,0.255060729,0.319838057,0.085020243,0.072874494,0.145748988,0.068825911,0.052631579
cockroach KR,0,0.666666667,0,0,0.333333333,0,0
cockroach HR,0.193251534,0.337423313,0.09202454,0.095092025,0.110429448,0.079754601,0.09202454
cockroach NR,0.181818182,0.424242424,0.03030303,0.090909091,0.106060606,0.106060606,0.060606061
cockroach LR,0.170731707,0.390243902,0.097560976,0.085365854,0.182926829,0.048780488,0.024390244
cat dander MR,0.25,0.75,0,0,0,0,0
cat dander KR,0.210526316,0.347368421,0.084210526,0.078195489,0.133834586,0.073684211,0.072180451
cat dander HR,0,0.4,0,0.4,0.2,0,0
cat dander NR,0.219512195,0.317073171,0.073170732,0.170731707,0.073170732,0.12195122,0.024390244
cat dander LR,0.222222222,0.222222222,0.222222222,0.111111111,0.222222222,0,0
dos fur MR,0.137931034,0.379310345,0.068965517,0.172413793,0.206896552,0.034482759,0
dos fur KR,0.215408805,0.352201258,0.078616352,0.080188679,0.130503145,0.072327044,0.070754717
dos fur HR,0,0.333333333,0.333333333,0,0,0.166666667,0.166666667
dos fur NR,0.24,0.32,0.12,0.08,0.16,0.04,0.04
dos fur LR,0.178571429,0.214285714,0.142857143,0.142857143,0.071428571,0.178571429,0.071428571
Milk(P) MR,0.212121212,0.333333333,0.060606061,0.151515152,0.121212121,0.121212121,0
Milk(P) KR,0.159090909,0.170454545,0.045454545,0.090909091,0.079545455,0.125,0.329545455
Milk(P) HR,0,0.666666667,0,0.166666667,0.166666667,0,0
Milk(P) NR,0.225868726,0.361003861,0.090733591,0.083011583,0.144787645,0.063706564,0.030888031
Milk(P) LR,0.17721519,0.430379747,0.101265823,0.063291139,0.101265823,0.075949367,0.050632911
Milk( C ) MR,0,0.25,0.375,0.375,0,0,0
Milk( C ) KR,0.218944099,0.340062112,0.080745342,0.085403727,0.130434783,0.069875776,0.074534161
Milk( C ) HR,0,0.5,0.25,0,0.25,0,0
Milk( C ) NR,0.192307692,0.423076923,0.076923077,0.057692308,0.134615385,0.115384615,0
Milk( C ) LR,0.0625,0.375,0.0625,0.0625,0.1875,0.1875,0.0625
curd MR,0.0625,0.395833333,0.145833333,0.0625,0.25,0.0625,0.020833333
curd KR,0.221014493,0.300724638,0.083333333,0.094202899,0.115942029,0.072463768,0.112318841
curd HR,0.375,0.5,0.125,0,0,0,0
curd NR,0.230031949,0.348242812,0.07028754,0.092651757,0.127795527,0.083067093,0.047923323
curd LR,0.164556962,0.455696203,0.101265823,0.050632911,0.139240506,0.063291139,0.025316456
coffee MR,0.212121212,0.242424242,0.090909091,0.03030303,0.242424242,0.151515152,0.03030303
coffee KR,0.23,0.332,0.08,0.082,0.116,0.07,0.09
coffee HR,0.181818182,0.363636364,0.090909091,0,0.363636364,0,0
coffee NR,0.168141593,0.389380531,0.053097345,0.159292035,0.14159292,0.07079646,0.017699115
coffee LR,0.134328358,0.432835821,0.164179104,0.029850746,0.134328358,0.089552239,0.014925373
tea MR,0.276315789,0.381578947,0.052631579,0.118421053,0.078947368,0.065789474,0.026315789
tea KR,0.211956522,0.320652174,0.089673913,0.08423913,0.122282609,0.073369565,0.097826087
tea HR,0.117647059,0.264705882,0.058823529,0.058823529,0.294117647,0.176470588,0.029411765
tea NR,0.230769231,0.376923077,0.061538462,0.076923077,0.130769231,0.084615385,0.038461538
tea LR,0.163793103,0.396551724,0.120689655,0.086206897,0.146551724,0.043103448,0.043103448
beef MR,0,0.416666667,0,0.166666667,0.166666667,0.166666667,0.083333333
beef NR,0.208955224,0.373134328,0.119402985,0.074626866,0.164179104,0.044776119,0.014925373
beef LR,0.153846154,0.5,0.038461538,0.038461538,0.076923077,0.115384615,0.076923077
beef KR,0.216478191,0.336025848,0.084006462,0.08723748,0.129240711,0.074313409,0.0726979
chicken MR,0.2,0.369230769,0.092307692,0.092307692,0.138461538,0.076923077,0.030769231
chicken KR,0.183206107,0.332061069,0.064885496,0.057251908,0.148854962,0.072519084,0.141221374
chicken HR,0.090909091,0.454545455,0.090909091,0.181818182,0,0.090909091,0.090909091
chicken NR,0.255639098,0.315789474,0.086466165,0.105263158,0.127819549,0.086466165,0.022556391
chicken LR,0.183333333,0.425,0.116666667,0.091666667,0.108333333,0.05,0.025
mutton MR,0.229508197,0.327868852,0.114754098,0.049180328,0.147540984,0.098360656,0.032786885
mutton KR,0.223796034,0.342776204,0.073654391,0.073654391,0.11898017,0.062322946,0.104815864
mutton HR,0.111111111,0.5,0.055555556,0.166666667,0.111111111,0,0.055555556
mutton NR,0.188679245,0.339622642,0.094339623,0.103773585,0.155660377,0.080188679,0.037735849
mutton LR,0.2125,0.3625,0.0875,0.1,0.1125,0.1125,0.0125
egg MR,0.220779221,0.311688312,0.103896104,0.090909091,0.12987013,0.142857143,0
egg KR,0.162995595,0.383259912,0.066079295,0.070484581,0.13215859,0.044052863,0.140969163
egg HR,0.142857143,0.357142857,0,0.214285714,0.071428571,0.071428571,0.142857143
egg NR,0.246753247,0.324675325,0.094155844,0.100649351,0.126623377,0.071428571,0.035714286
egg LR,0.204081633,0.357142857,0.091836735,0.051020408,0.153061224,0.102040816,0.040816327
fish1 MR,0.125,0.34375,0.109375,0.0625,0.1875,0.09375,0.078125
fish1 KR,0.168,0.344,0.064,0.084,0.136,0.064,0.14
fish1 HR,0.25,0.75,0,0,0,0,0
fish1 NR,0.275471698,0.343396226,0.086792453,0.098113208,0.109433962,0.064150943,0.022641509
fish1 LR,0.19858156,0.34751773,0.106382979,0.078014184,0.141843972,0.106382979,0.021276596
fish2 MR,0.24,0.24,0.12,0.12,0.16,0.12,0
fish2 KR,0.201704545,0.329545455,0.071022727,0.088068182,0.127840909,0.073863636,0.107954545
fish2 HR,0.25,0.75,0,0,0,0,0
fish2 NR,0.225092251,0.354243542,0.095940959,0.084870849,0.129151292,0.077490775,0.033210332
fish2 LR,0.180555556,0.416666667,0.097222222,0.069444444,0.152777778,0.055555556,0.027777778
crab MR,0.2,0.314285714,0.057142857,0.2,0,0.171428571,0.057142857
crab KR,0.209486166,0.345849802,0.079051383,0.081027668,0.134387352,0.061264822,0.088932806
crab HR,0.2,0.133333333,0.133333333,0.133333333,0.133333333,0.266666667,0
crab NR,0.229357798,0.376146789,0.082568807,0.064220183,0.155963303,0.082568807,0.009174312
crab LR,0.186440678,0.372881356,0.13559322,0.084745763,0.13559322,0.06779661,0.016949153
prawns MR,0.142857143,0.428571429,0.06122449,0.142857143,0.12244898,0.081632653,0.020408163
prawns KR,0.185714286,0.322857143,0.08,0.088571429,0.14,0.071428571,0.111428571
prawns HR,0.192307692,0.346153846,0.153846154,0.076923077,0.153846154,0.076923077,0
prawns NR,0.240566038,0.372641509,0.08490566,0.075471698,0.127358491,0.070754717,0.028301887
prawns LR,0.275862069,0.333333333,0.091954023,0.068965517,0.103448276,0.091954023,0.034482759
shark MR,0,0.5,0.5,0,0,0,0
shark KR,0.205621302,0.350591716,0.079881657,0.087278107,0.130177515,0.075443787,0.071005917
shark HR,0,1,0,0,0,0,0
shark NR,0.30952381,0.285714286,0.119047619,0.047619048,0.142857143,0.071428571,0.023809524
shark LR,0,0,0.333333333,0.333333333,0.333333333,0,0
avaraikai MR,0.128205128,0.435897436,0.102564103,0.051282051,0.205128205,0.076923077,0
avaraikai KR,0.226361032,0.312320917,0.068767908,0.091690544,0.128939828,0.068767908,0.103151862
avaraikai HR,0,0.428571429,0.142857143,0.142857143,0.142857143,0.142857143,0
avaraikai NR,0.23046875,0.375,0.08984375,0.0703125,0.11328125,0.078125,0.04296875
avaraikai LR,0.123287671,0.356164384,0.123287671,0.123287671,0.164383562,0.082191781,0.02739726
banana MR,0.3,0.3,0.1,0.1,0.1,0,0.1
banana KR,0.199294533,0.333333333,0.079365079,0.097001764,0.139329806,0.075837743,0.075837743
banana HR,0.5,0.5,0,0,0,0,0
banana NR,0.239316239,0.401709402,0.102564103,0.042735043,0.102564103,0.076923077,0.034188034
banana LR,0.25,0.392857143,0.107142857,0.035714286,0.107142857,0.071428571,0.035714286
beans MR,0.3125,0.3,0.0375,0.05,0.15,0.0875,0.0625
beans KR,0.201923077,0.221153846,0.057692308,0.086538462,0.086538462,0.038461538,0.307692308
beans HR,0.3,0.45,0,0,0.15,0.05,0.05
beans NR,0.19525066,0.366754617,0.081794195,0.116094987,0.147757256,0.071240106,0.021108179
beans LR,0.184397163,0.397163121,0.14893617,0.035460993,0.106382979,0.106382979,0.021276596
beet root MR,0.131578947,0.5,0.131578947,0.078947368,0.131578947,0.026315789,0
beet root KR,0.222222222,0.322493225,0.081300813,0.078590786,0.135501355,0.051490515,0.108401084
beet root HR,0,0.142857143,0,0,0.571428571,0.285714286,0
beet root NR,0.223577236,0.349593496,0.081300813,0.105691057,0.12195122,0.085365854,0.032520325
beet root LR,0.15625,0.40625,0.09375,0.0625,0.09375,0.171875,0.015625
brinjal MR,0.28125,0.375,0.140625,0.0625,0.109375,0.03125,0
brinjal KR,0.115183246,0.340314136,0.062827225,0.062827225,0.157068063,0.083769634,0.178010471
brinjal HR,0.3,0.25,0.1,0,0.2,0.15,0
brinjal NR,0.227272727,0.383116883,0.077922078,0.094155844,0.116883117,0.068181818,0.032467532
brinjal LR,0.255319149,0.276595745,0.09929078,0.120567376,0.127659574,0.085106383,0.035460993
cabbage MR,0.115384615,0.538461538,0.153846154,0.038461538,0.153846154,0,0
cabbage KR,0.201257862,0.342767296,0.072327044,0.078616352,0.113207547,0.075471698,0.116352201
cabbage HR,0,0.333333333,0.166666667,0,0.333333333,0.166666667,0
cabbage NR,0.235099338,0.331125828,0.089403974,0.082781457,0.152317881,0.072847682,0.036423841
cabbage LR,0.194444444,0.361111111,0.083333333,0.152777778,0.097222222,0.097222222,0.013888889
capsicum MR,0.222222222,0,0,0.111111111,0.333333333,0.222222222,0.111111111
capsicum KR,0.212478921,0.347386172,0.077571669,0.084317032,0.133220911,0.074198988,0.070826307
capsicum HR,0.25,0.5,0,0.25,0,0,0
capsicum NR,0.173076923,0.394230769,0.125,0.086538462,0.105769231,0.057692308,0.057692308
capsicum LR,0.357142857,0.142857143,0.142857143,0.071428571,0.142857143,0.142857143,0
chillie MR,0,0.666666667,0,0,0,0.333333333,0
chillie NR,0.216216216,0.364864865,0.067567568,0.108108108,0.121621622,0.081081081,0.040540541
chillie LR,0.2,0.5,0.2,0,0.1,0,0
chillie KR,0.210361068,0.340659341,0.08477237,0.08477237,0.133437991,0.073783359,0.072213501
cauliflower MR,0.105263158,0.315789474,0.105263158,0.052631579,0.368421053,0,0.052631579
cauliflower KR,0.189409369,0.358452138,0.071283096,0.097759674,0.120162933,0.077393075,0.085539715
cauliflower HR,0.25,0.5,0,0,0.25,0,0
cauliflower NR,0.25,0.319767442,0.11627907,0.069767442,0.13372093,0.087209302,0.023255814
cauliflower LR,0.342105263,0.315789474,0.105263158,0.026315789,0.131578947,0.026315789,0.052631579
carrot MR,0.114285714,0.4,0.085714286,0.057142857,0.2,0.085714286,0.057142857
carrot KR,0.135416667,0.260416667,0.041666667,0.09375,0.125,0.020833333,0.322916667
carrot HR,0.272727273,0.363636364,0.181818182,0.090909091,0,0.090909091,0
carrot NR,0.234343434,0.353535354,0.080808081,0.088888889,0.125252525,0.086868687,0.03030303
carrot LR,0.183908046,0.379310345,0.137931034,0.068965517,0.16091954,0.057471264,0.011494253
chow-chow MR,0.166666667,0.333333333,0.166666667,0,0.166666667,0.166666667,0
chow-chow KR,0.205574913,0.339721254,0.083623693,0.094076655,0.12543554,0.074912892,0.076655052
chow-chow HR,0,0.25,0,0,0.75,0,0
chow-chow NR,0.243697479,0.378151261,0.092436975,0.050420168,0.142857143,0.050420168,0.042016807
chow-chow LR,0.19047619,0.380952381,0.047619048,0.095238095,0.095238095,0.19047619,0
corn MR,0.2,0.6,0.2,0,0,0,0
corn KR,0.213087248,0.332214765,0.082214765,0.090604027,0.129194631,0.072147651,0.080536913
corn HR,0.333333333,0.333333333,0,0.333333333,0,0,0
corn NR,0.205882353,0.411764706,0.088235294,0.049019608,0.156862745,0.078431373,0.009803922
corn LR,0.111111111,0.388888889,0.111111111,0.111111111,0.111111111,0.166666667,0
cucumber MR,0.5,0.5,0,0,0,0,0
cucumber KR,0.2074883,0.355694228,0.076443058,0.085803432,0.131045242,0.073322933,0.070202808
cucumber HR,0,1,0,0,0,0,0
cucumber NR,0.235294118,0.264705882,0.147058824,0.088235294,0.132352941,0.088235294,0.044117647
cucumber LR,0.1,0.2,0.2,0.1,0.2,0.1,0.1
drumstick MR,0.236363636,0.363636364,0.090909091,0.090909091,0.145454545,0.036363636,0.036363636
drumstick KR,0.2,0.176470588,0.094117647,0.047058824,0.105882353,0.035294118,0.341176471
drumstick HR,0.333333333,0.666666667,0,0,0,0,0
drumstick NR,0.197979798,0.371717172,0.082828283,0.096969697,0.139393939,0.082828283,0.028282828
drumstick LR,0.265060241,0.337349398,0.084337349,0.060240964,0.108433735,0.096385542,0.048192771
greens MR,0.188235294,0.411764706,0.094117647,0.105882353,0.105882353,0.047058824,0.047058824
greens KR,0.26744186,0.186046512,0.034883721,0.058139535,0.093023256,0.023255814,0.337209302
greens HR,0.25,0.3,0.1,0.1,0.1,0.1,0.05
greens NR,0.225543478,0.350543478,0.089673913,0.086956522,0.141304348,0.070652174,0.035326087
greens LR,0.151515152,0.393939394,0.090909091,0.084848485,0.145454545,0.121212121,0.012121212
gourds MR,0.096774194,0.387096774,0.129032258,0.129032258,0.129032258,0.096774194,0.032258065
gourds KR,0.182857143,0.268571429,0.062857143,0.102857143,0.154285714,0.057142857,0.171428571
gourds HR,0,0.25,0.25,0.25,0,0.25,0
gourds NR,0.222222222,0.379227053,0.084541063,0.079710145,0.120772947,0.072463768,0.041062802
gourds LR,0.25,0.34,0.1,0.06,0.14,0.1,0.01
kovaikai MR,0,0.5,0.25,0,0.25,0,0
kovaikai KR,0.205263158,0.342105263,0.085964912,0.094736842,0.129824561,0.070175439,0.071929825
kovaikai HR,0,0,0,0,0,0.5,0.5
kovaikai NR,0.223076923,0.369230769,0.084615385,0.053846154,0.138461538,0.084615385,0.046153846
kovaikai LR,0.333333333,0.333333333,0,0.055555556,0.111111111,0.111111111,0.055555556
kothavarai NR,0.226415094,0.358490566,0.094339623,0.075471698,0.094339623,0.094339623,0.056603774
kothavarai LR,0.111111111,0.444444444,0.333333333,0.111111111,0,0,0
kothavarai KR,0.209969789,0.344410876,0.080060423,0.086102719,0.135951662,0.074018127,0.069486405
L finger MR,0.191666667,0.408333333,0.116666667,0.075,0.1,0.066666667,0.041666667
L finger KR,0.20952381,0.238095238,0.066666667,0.076190476,0.066666667,0.057142857,0.285714286
L finger HR,0.161290323,0.322580645,0.161290323,0.032258065,0.225806452,0.096774194,0
L finger NR,0.194444444,0.357638889,0.065972222,0.100694444,0.166666667,0.079861111,0.034722222
L finger LR,0.255555556,0.355555556,0.088888889,0.083333333,0.116666667,0.077777778,0.022222222
malli MR,0.3,0.2,0,0,0.4,0,0.1
malli KR,0.206349206,0.347222222,0.087301587,0.08531746,0.126984127,0.069444444,0.077380952
malli HR,1,0,0,0,0,0,0
malli NR,0.212765957,0.340425532,0.079787234,0.095744681,0.132978723,0.095744681,0.042553191
malli LR,0.19047619,0.476190476,0.095238095,0.047619048,0.095238095,0.047619048,0.047619048
mango MR,0,0.625,0.125,0.125,0,0.125,0
mango KR,0.227805695,0.324958124,0.090452261,0.088777219,0.130653266,0.065326633,0.072026801
mango HR,0,0.75,0,0,0.25,0,0
mango NR,0.141304348,0.445652174,0.054347826,0.076086957,0.097826087,0.130434783,0.054347826
mango LR,0.130434783,0.347826087,0.043478261,0.043478261,0.304347826,0.086956522,0.043478261
mushroom MR,0.285714286,0.428571429,0,0,0.142857143,0.142857143,0
mushroom KR,0.207815275,0.3339254,0.087033748,0.090586146,0.129662522,0.072824156,0.078152753
mushroom HR,0,0.333333333,0,0,0.333333333,0,0.333333333
mushroom NR,0.196969697,0.439393939,0.053030303,0.075757576,0.121212121,0.090909091,0.022727273
mushroom LR,0.368421053,0.052631579,0.263157895,0.052631579,0.210526316,0,0.052631579
nuckol MR,0,0.5,0.5,0,0,0,0
nuckol KR,0.218604651,0.339534884,0.085271318,0.082170543,0.131782946,0.075968992,0.066666667
nuckol HR,0,0,0,0,0,0.5,0.5
nuckol NR,0.171875,0.421875,0.046875,0.125,0.140625,0.0625,0.03125
nuckol LR,0,0.363636364,0.181818182,0.090909091,0.090909091,0,0.272727273
onion MR,0.113636364,0.431818182,0.113636364,0.113636364,0.159090909,0.045454545,0.022727273
onion KR,0.108695652,0.130434783,0.065217391,0,0.065217391,0,0.630434783
onion HR,0.166666667,0.333333333,0,0.333333333,0,0.166666667,0
onion NR,0.225621415,0.357552581,0.084130019,0.091778203,0.133843212,0.07456979,0.03250478
onion LR,0.219047619,0.352380952,0.085714286,0.066666667,0.142857143,0.114285714,0.019047619
peas MR,0.3,0.3,0,0,0.3,0.1,0
peas KR,0.195833333,0.354166667,0.064583333,0.1,0.11875,0.0875,0.079166667
peas HR,0,1,0,0,0,0,0
peas NR,0.251282051,0.312820513,0.123076923,0.066666667,0.158974359,0.046153846,0.041025641
peas LR,0.162162162,0.405405405,0.162162162,0.027027027,0.108108108,0.054054054,0.081081081
potroot MR,0.285714286,0.333333333,0.142857143,0.047619048,0.19047619,0,0
potroot KR,0.180094787,0.338862559,0.066350711,0.085308057,0.161137441,0.075829384,0.092417062
potroot HR,0.2,0,0.2,0.4,0.2,0,0
potroot NR,0.259911894,0.348017621,0.105726872,0.092511013,0.079295154,0.074889868,0.039647577
potroot LR,0.204081633,0.448979592,0.102040816,0.040816327,0.081632653,0.102040816,0.020408163
paneer MR,0.555555556,0.111111111,0.111111111,0,0.222222222,0,0
paneer KR,0.197207679,0.347294939,0.076788831,0.089005236,0.129144852,0.076788831,0.083769634
paneer HR,0,0.5,0,0,0.5,0,0
paneer NR,0.245762712,0.338983051,0.127118644,0.084745763,0.127118644,0.06779661,0.008474576
paneer LR,0.227272727,0.454545455,0.045454545,0.045454545,0.136363636,0.090909091,0
potato MR,0.114285714,0.571428571,0.085714286,0.085714286,0.028571429,0.114285714,0
potato KR,0.094827586,0.25,0.077586207,0.060344828,0.137931034,0.094827586,0.284482759
potato HR,0.272727273,0.272727273,0.090909091,0.090909091,0.090909091,0.181818182,0
potato NR,0.257019438,0.343412527,0.073434125,0.09287257,0.13174946,0.071274298,0.030237581
potato LR,0.151515152,0.404040404,0.141414141,0.080808081,0.161616162,0.04040404,0.02020202
pumkin MR,0.142857143,0.571428571,0.285714286,0,0,0,0
pumkin KR,0.217755444,0.340033501,0.073701843,0.087102178,0.13400335,0.072026801,0.075376884
pumkin HR,0,0.5,0.5,0,0,0,0
pumkin NR,0.159574468,0.404255319,0.074468085,0.074468085,0.14893617,0.095744681,0.042553191
pumkin LR,0.25,0.208333333,0.291666667,0.125,0.041666667,0.083333333,0
pudina MR,0.055555556,0.222222222,0.166666667,0.111111111,0.277777778,0.055555556,0.111111111
pudina KR,0.224696356,0.33805668,0.08097166,0.082995951,0.123481781,0.070850202,0.078947368
pudina HR,0.166666667,0.166666667,0.166666667,0.166666667,0.166666667,0.166666667,0
pudina NR,0.184971098,0.369942197,0.080924855,0.092485549,0.150289017,0.086705202,0.034682081
pudina LR,0.212121212,0.454545455,0.090909091,0.060606061,0.060606061,0.060606061,0.060606061
radish MR,0.304347826,0.260869565,0.086956522,0.086956522,0.217391304,0.043478261,0
radish KR,0.209169054,0.323782235,0.088825215,0.083094556,0.126074499,0.06017192,0.108882521
radish HR,0,0.5,0,0.5,0,0,0
radish NR,0.204697987,0.382550336,0.077181208,0.080536913,0.134228188,0.087248322,0.033557047
radish LR,0.211538462,0.326923077,0.096153846,0.115384615,0.115384615,0.115384615,0.019230769
tomato MR,0.15,0.275,0.175,0.05,0.1,0.225,0.025
tomato KR,0.125,0.160714286,0.071428571,0.071428571,0.035714286,0.017857143,0.517857143
tomato HR,0.285714286,0.285714286,0.142857143,0.142857143,0.142857143,0,0
tomato NR,0.216890595,0.358925144,0.080614203,0.092130518,0.142034549,0.07293666,0.03646833
tomato LR,0.24,0.42,0.07,0.07,0.14,0.06,0
tondaikai NR,0.226666667,0.373333333,0.12,0.093333333,0.093333333,0.066666667,0.026666667
tondaikai LR,0.285714286,0.428571429,0,0,0,0.285714286,0
tondaikai KR,0.207165109,0.342679128,0.080996885,0.085669782,0.137071651,0.073208723,0.073208723
vazpoo/thandu MR,0,0.2,0.2,0,0.2,0.4,0
vazpoo/thandu KR,0.2143951,0.341500766,0.079632466,0.088820827,0.131699847,0.071975498,0.071975498
vazpoo/thandu HR,0,0.5,0,0,0.5,0,0
vazpoo/thandu NR,0.192982456,0.403508772,0.105263158,0.070175439,0.105263158,0.087719298,0.035087719
vazpoo/thandu LR,0.142857143,0.428571429,0.285714286,0,0.142857143,0,0
yams MR,0.173913043,0.47826087,0.130434783,0.043478261,0.086956522,0.043478261,0.043478261
yams KR,0.205944798,0.343949045,0.082802548,0.076433121,0.140127389,0.063694268,0.087048832
yams HR,0,0.6,0,0,0.2,0.2,0
yams NR,0.244047619,0.339285714,0.083333333,0.107142857,0.125,0.06547619,0.035714286
yams LR,0.175438596,0.315789474,0.087719298,0.122807018,0.087719298,0.192982456,0.01754386
gram MR,0.213333333,0.353333333,0.093333333,0.1,0.146666667,0.04,0.053333333
gram KR,0.085714286,0.114285714,0.028571429,0,0.028571429,0,0.742857143
gram HR,0.15,0.375,0.125,0.125,0.175,0.025,0.025
gram NR,0.253623188,0.329710145,0.065217391,0.105072464,0.112318841,0.101449275,0.032608696
gram LR,0.183856502,0.394618834,0.103139013,0.058295964,0.152466368,0.085201794,0.022421525
channa MR,0.1875,0.3,0.0875,0.1,0.1875,0.1125,0.025
channa KR,0.194174757,0.315533981,0.019417476,0.097087379,0.140776699,0.067961165,0.165048544
channa HR,0.24,0.44,0.04,0.12,0.12,0,0.04
channa NR,0.196911197,0.378378378,0.104247104,0.069498069,0.142857143,0.081081081,0.027027027
channa LR,0.25974026,0.344155844,0.142857143,0.084415584,0.071428571,0.064935065,0.032467532
dhal MR,0.2,0.338461538,0.107692308,0.153846154,0.092307692,0.076923077,0.030769231
dhal KR,0.111111111,0.083333333,0.055555556,0,0.027777778,0,0.722222222
dhal HR,0.076923077,0.384615385,0.153846154,0.230769231,0.076923077,0.076923077,0
dhal NR,0.224,0.348,0.086,0.084,0.146,0.076,0.036
dhal LR,0.2,0.427272727,0.063636364,0.063636364,0.127272727,0.090909091,0.027272727
maida MR,0.166666667,0.416666667,0.111111111,0.027777778,0.166666667,0.083333333,0.027777778
maida KR,0.140271493,0.36199095,0.081447964,0.081447964,0.135746606,0.045248869,0.153846154
maida HR,0.333333333,0.25,0.083333333,0.166666667,0.083333333,0.083333333,0
maida NR,0.217032967,0.337912088,0.087912088,0.093406593,0.14010989,0.087912088,0.035714286
maida LR,0.351648352,0.32967033,0.065934066,0.076923077,0.076923077,0.087912088,0.010989011
oats MR,0.25,0.25,0.5,0,0,0,0
oats KR,0.210784314,0.339869281,0.086601307,0.088235294,0.129084967,0.070261438,0.075163399
oats HR,0,1,0,0,0,0,0
oats NR,0.189473684,0.389473684,0.052631579,0.084210526,0.136842105,0.115789474,0.031578947
oats LR,0.333333333,0.333333333,0.083333333,0,0.25,0,0
ragi MR,0.142857143,0.428571429,0.071428571,0,0.285714286,0.071428571,0
ragi KR,0.204797048,0.333948339,0.088560886,0.092250923,0.129151292,0.07195572,0.079335793
ragi HR,0,0.666666667,0,0.333333333,0,0,0
ragi NR,0.25,0.375,0.069444444,0.069444444,0.118055556,0.076388889,0.041666667
ragi LR,0.142857143,0.380952381,0.095238095,0.047619048,0.19047619,0.142857143,0
rice NR,0.14953271,0.504672897,0.112149533,0.056074766,0.093457944,0.074766355,0.009345794
rice MR,0,0,1,0,0,0,0
rice LR,0.333333333,0.333333333,0,0.166666667,0.166666667,0,0
rice KR,0.219672131,0.319672131,0.078688525,0.090163934,0.137704918,0.075409836,0.078688525
wheat MR,0.19047619,0.428571429,0.142857143,0.047619048,0.071428571,0.119047619,0
wheat KR,0.126213592,0.262135922,0.048543689,0.097087379,0.126213592,0.048543689,0.291262136
wheat HR,0.166666667,0.555555556,0.055555556,0.055555556,0.166666667,0,0
wheat NR,0.233115468,0.335511983,0.087145969,0.089324619,0.14379085,0.074074074,0.037037037
wheat LR,0.205882353,0.411764706,0.088235294,0.078431373,0.098039216,0.098039216,0.019607843
coconut MR,0.204545455,0.386363636,0.159090909,0.022727273,0.068181818,0.159090909,0
coconut KR,0.213930348,0.263681592,0.069651741,0.069651741,0.129353234,0.07960199,0.174129353
coconut HR,0.2,0.8,0,0,0,0,0
coconut NR,0.198979592,0.380102041,0.084183673,0.104591837,0.140306122,0.06122449,0.030612245
coconut LR,0.256097561,0.341463415,0.085365854,0.073170732,0.134146341,0.085365854,0.024390244
oil MR,0.0625,0.46875,0.0625,0.0625,0.25,0.09375,0
oil KR,0.266666667,0.255072464,0.104347826,0.089855072,0.115942029,0.049275362,0.11884058
oil HR,0.142857143,0.571428571,0,0,0.285714286,0,0
oil NR,0.178030303,0.401515152,0.071969697,0.102272727,0.128787879,0.09469697,0.022727273
oil LR,0.131578947,0.5,0.052631579,0.026315789,0.144736842,0.118421053,0.026315789
garlic MR,0.212121212,0.454545455,0.060606061,0.060606061,0.151515152,0.060606061,0
garlic KR,0.211699164,0.337047354,0.091922006,0.072423398,0.116991643,0.064066852,0.105849582
garlic HR,0,0.625,0,0.25,0.125,0,0
garlic NR,0.219607843,0.349019608,0.074509804,0.109803922,0.129411765,0.078431373,0.039215686
garlic LR,0.188405797,0.304347826,0.101449275,0.057971014,0.202898551,0.130434783,0.014492754
ginger MR,0.121212121,0.454545455,0.03030303,0.03030303,0.242424242,0.090909091,0.03030303
ginger KR,0.216666667,0.316666667,0.086111111,0.080555556,0.119444444,0.066666667,0.113888889
ginger HR,0,0.6,0,0,0.4,0,0
ginger NR,0.214814815,0.37037037,0.085185185,0.092592593,0.122222222,0.088888889,0.025925926
ginger LR,0.214285714,0.339285714,0.107142857,0.125,0.160714286,0.053571429,0
pepper MR,0,0,0,0,0,1,0
pepper NR,0.136986301,0.383561644,0.150684932,0.095890411,0.095890411,0.123287671,0.01369863
pepper LR,0.428571429,0.142857143,0.285714286,0,0.142857143,0,0
pepper KR,0.216510903,0.345794393,0.074766355,0.085669782,0.135514019,0.066978193,0.074766355
tamarind MR,0.137254902,0.333333333,0.058823529,0.176470588,0.196078431,0.078431373,0.019607843
tamarind KR,0.2,0.266666667,0.081481481,0.074074074,0.111111111,0.044444444,0.222222222
tamarind HR,0.125,0.625,0,0.125,0.125,0,0
tamarind NR,0.227817746,0.347721823,0.081534772,0.091127098,0.127098321,0.086330935,0.038369305
tamarind LR,0.2,0.40952381,0.123809524,0.028571429,0.142857143,0.076190476,0.019047619
aginomoto MR,0.181818182,0.424242424,0.060606061,0.060606061,0.121212121,0.090909091,0.060606061
aginomoto KR,0.195822454,0.342036554,0.075718016,0.091383812,0.127937337,0.070496084,0.096605744
aginomoto HR,0,0.5,0.25,0.25,0,0,0
aginomoto NR,0.228915663,0.34939759,0.096385542,0.080321285,0.136546185,0.072289157,0.036144578
aginomoto LR,0.254545455,0.309090909,0.090909091,0.072727273,0.145454545,0.109090909,0.018181818
spices MR,0.2,0.4,0,0.2,0,0.2,0
spices KR,0.209854015,0.332116788,0.074817518,0.087591241,0.136861314,0.072992701,0.085766423
spices HR,0.5,0.5,0,0,0,0,0
spices NR,0.204081633,0.380952381,0.136054422,0.074829932,0.115646259,0.074829932,0.013605442
spices LR,0.2,0.45,0,0.1,0.15,0.1,0
coco MR,0.333333333,0.444444444,0,0.111111111,0.111111111,0,0
coco KR,0.217770035,0.353658537,0.078397213,0.074912892,0.12543554,0.067944251,0.081881533
coco HR,0.25,0,0,0.25,0.5,0,0
coco NR,0.169354839,0.290322581,0.120967742,0.137096774,0.14516129,0.120967742,0.016129032
coco LR,0.153846154,0.615384615,0.076923077,0,0.153846154,0,0
drink 1 MR,0,0,0,0,0.666666667,0.333333333,0
drink 1 NR,0.166666667,0.444444444,0.111111111,0.097222222,0.055555556,0.083333333,0.041666667
drink 1 LR,0,0.142857143,0.142857143,0.142857143,0.428571429,0,0.142857143
drink 1 KR,0.218068536,0.339563863,0.080996885,0.08411215,0.133956386,0.073208723,0.070093458
drink2 MR,0,0.333333333,0,0,0.333333333,0.333333333,0
drink2 NR,0.152777778,0.430555556,0.125,0.097222222,0.069444444,0.083333333,0.041666667
drink2 LR,0.111111111,0.333333333,0,0.111111111,0.333333333,0,0.111111111
drink2 KR,0.21875,0.3375,0.08125,0.084375,0.134375,0.0734375,0.0703125
fruit1 MR,0.12173913,0.469565217,0.147826087,0.086956522,0.095652174,0.060869565,0.017391304
fruit1 KR,0.203539823,0.230088496,0.026548673,0.115044248,0.132743363,0.03539823,0.256637168
fruit1 HR,0.205882353,0.382352941,0.176470588,0.088235294,0.058823529,0.058823529,0.029411765
fruit1 NR,0.25,0.3125,0.125,0.046875,0.15625,0.09375,0.015625
fruit1 LR,0.231155779,0.346733668,0.067839196,0.082914573,0.14321608,0.087939698,0.040201005
fruit2 MR,0.155339806,0.378640777,0.155339806,0.126213592,0.087378641,0.097087379,0
fruit2 KR,0.230769231,0.237762238,0.034965035,0.104895105,0.132867133,0.034965035,0.223776224
fruit2 HR,0.111111111,0.611111111,0,0,0.111111111,0.111111111,0.055555556
fruit2 NR,0.261904762,0.345238095,0.095238095,0.071428571,0.142857143,0.071428571,0.011904762
fruit2 LR,0.210106383,0.367021277,0.085106383,0.074468085,0.140957447,0.082446809,0.039893617
lime MR,0.3,0.3,0,0,0.1,0.2,0.1
lime KR,0.220952381,0.32,0.099047619,0.083809524,0.123809524,0.07047619,0.081904762
lime HR,0.25,0.75,0,0,0,0,0
lime NR,0.18487395,0.428571429,0.042016807,0.075630252,0.151260504,0.084033613,0.033613445
lime LR,0.151515152,0.393939394,0.060606061,0.136363636,0.166666667,0.075757576,0.015151515
nuts MR,0.24,0.31,0.11,0.12,0.15,0.05,0.02
nuts KR,0.205714286,0.291428571,0.062857143,0.062857143,0.125714286,0.074285714,0.177142857
nuts HR,0.341463415,0.317073171,0.12195122,0.073170732,0.097560976,0.024390244,0.024390244
nuts NR,0.217213115,0.331967213,0.081967213,0.094262295,0.147540984,0.090163934,0.036885246
nuts LR,0.152439024,0.457317073,0.085365854,0.079268293,0.109756098,0.079268293,0.036585366
running nose YES,0.5,0.017241379,0.211206897,0.215517241,0.051724138,0,0.004310345
running nose NO,0.073170732,0.50203252,0.024390244,0.024390244,0.168699187,0.109756098,0.097560976
sneeze YES,0.514522822,0.008298755,0.211618257,0.219917012,0.045643154,0,0
sneeze NO,0.057971014,0.51552795,0.020703934,0.01863354,0.173913043,0.111801242,0.101449275
cough YES,0.434782609,0,0.236024845,0.248447205,0.074534161,0.00621118,0
cough NO,0.145648313,0.445825933,0.040852575,0.039076377,0.147424512,0.094138544,0.087033748
wheeze/blocks YES,0.419512195,0.009756098,0.229268293,0.214634146,0.117073171,0.009756098,0
wheeze/blocks NO,0.12716763,0.479768786,0.026974952,0.034682081,0.136801541,0.100192678,0.094412331
headache YES,0.336,0.016,0.32,0.296,0.024,0.008,0
headache NO,0.183639399,0.415692821,0.035058431,0.041736227,0.153589316,0.088480801,0.081803005
itching YES,0.002439024,0.592682927,0.13902439,0.002439024,0.134146341,0.129268293,0
itching NO,0.48089172,0.025477707,0.012738854,0.194267516,0.127388535,0.003184713,0.156050955
swelling YES,0,0.581521739,0.211956522,0,0.097826087,0.108695652,0
swelling NO,0.281481481,0.266666667,0.040740741,0.114814815,0.142592593,0.062962963,0.090740741
red rashes YES,0,0.478571429,0.278571429,0,0.114285714,0.128571429,0
red rashes NO,0.260273973,0.315068493,0.037671233,0.106164384,0.135273973,0.061643836,0.08390411
gender F,0.172069825,0.396508728,0.092269327,0.082294264,0.122194514,0.069825436,0.064837905
gender M,0.256965944,0.284829721,0.074303406,0.089783282,0.142414861,0.080495356,0.07120743
f_history YES,0.144827586,0.372413793,0.12183908,0.142528736,0.135632184,0.082758621,0
f_history NO,0.307958478,0.307958478,0.027681661,0,0.124567474,0.062283737,0.169550173
